3119 1
-0.288048609086540
-0.0777364430171141
-0.297939685453364
-0.257410436885277
-0.257945897452006
-0.242191501876893
-0.235831984653506
-0.120423605655501
-0.171841378595238
0.213562487020612
-0.138747220671843
-0.0955984162672796
0.0955814221144968
-0.0712696000571071
-0.0799616573723971
-0.221861873081241
-0.338199227672607
-0.161538017502743
-0.314387138215398
-0.118004954621797
-0.253148482825947
-0.217875890328976
-0.100401869417744
-0.198495833199598
-0.444509588750449
-0.159352596036079
-0.630077843867421
-0.0797066011524123
-0.297969981504604
-0.284637962113286
-0.0769457663810151
-0.377341427333332
0.0306666214715208
0.00357414411111418
-0.218811574466527
0.0958103481130848
-0.0868946421188256
-0.00477256497330782
-0.428619749516819
-0.275981400461013
-0.153103881889689
-0.372727028259683
-0.252561372299488
-0.146465131055195
-0.163248514021004
-0.0128243290550814
-0.0665873694770586
-0.161743479601714
-0.211996081938898
-0.180339517580134
0.180304883620799
0.0279480802679281
-0.121692229648980
-0.334661252025648
-0.334971090487072
-0.426281910292749
0.0747305275682478
-0.339579683643330
-0.400688404432424
-0.311471282151573
-0.323716797477297
-0.212932836811597
-0.0892688490535613
0.0192246018326163
-0.230702438300125
-0.0867462883528895
-0.0789462453123861
0.144142832394586
0.0233766808426010
0.106782035591152
-0.266197317852403
-0.162670850578148
-0.481907531680371
-0.228687751276835
-0.154120392624584
-0.154869338924087
-0.242075429449048
-0.277429621405877
-0.263056277487561
-0.0868524255469386
0.238177545165954
-0.324132805771530
-0.455336044323430
-0.229092984512938
-0.0995718001986951
-0.241875014344649
-0.141118815794185
-0.109975544112113
0.0673078640021990
-0.0764958966207234
-0.0308369302399123
-0.251480498159805
-0.0315903769926065
-0.137745678341869
0.0299691740641527
-0.0128250622746261
-0.266941741089649
-0.210288225323640
-0.238993397435907
0.0356341174283940
-0.266285984932239
-0.510953587665410
-0.323064362187086
0.0791887316085283
-0.451283454018006
-0.132166986809663
-0.133118587759312
-0.211444402496125
-0.273996009742893
-0.0569464094283535
-0.0712745864376665
-0.150613492486839
-0.0315658073933800
-0.220463660132145
-0.127465528220485
-0.380540798564153
-0.291915593786053
-0.481941615289172
-0.137743376679051
-0.0717572002767596
-0.100193632718465
-0.329263483143093
-0.110655957778044
-0.269434012460445
-0.160197014586457
-0.110560206638129
-0.129333843767885
-0.257772518370384
-0.137610777196274
-0.282142326556047
-0.0867681399840606
-0.332031677243764
-0.124694345565698
-0.150290855379278
-0.284146563137527
-0.282490280040211
-0.153094222524120
-0.227914989981630
-0.0820298520581362
-0.338026497709047
-0.0844062405564565
0.105902034280039
-0.0701155069994009
0.0261004330066420
-0.246226615825251
-0.323688452808893
-0.0641094494253754
-0.338592510718802
0.198572820218830
-0.242488959148224
-0.0823020682836949
-0.0534550619169091
-0.166485980690488
-0.481101851135150
-0.304038828747581
0.0662345349855090
-0.403831813227841
-0.0806002569499511
-0.347164819286764
0.147227993804494
-0.0870482364976786
-0.0602522641231166
-0.264945349604517
-0.259329081222064
-0.0823066077085083
-0.110751098296405
-0.338915294395579
-0.381478307840375
-0.120368938174553
-0.205579640566805
0.106777307529206
0.197427684858114
-0.0895827322938405
-0.258211679613505
-0.323225328978553
-0.0693894179122523
-0.756848866111305
-0.337865592248006
-0.455332848032102
-0.254947010977224
-0.228157869192427
-0.248005596359787
-0.320139379178464
0.158649477085467
0.0466300837502739
-0.257792074651126
-0.143223008915543
-0.110073263507630
-0.500478212337630
-0.173400001862508
-0.191871746024519
-0.0971307733110051
-0.0221667922957485
-0.0639467713934181
-0.276961349260974
-0.113086206280735
-0.123983660089005
0.0468353136496782
-0.393263125618919
-0.115584349880678
-0.387490705908400
-0.0820541359038157
-0.0577454184729874
-0.191489507481706
-0.264918475182757
0.0683537572226724
-0.211429197023939
-0.725225637170852
-0.338728668158622
-0.308948421710696
-0.0151152001901040
-0.129521460492160
-0.257753154824389
-0.106260953390003
-0.0881351755291513
-0.300247118952078
-0.246254579938266
0.199921088751547
-0.310513735473977
-0.265177349207214
-0.207945709679691
-0.0968131095127759
-0.450884826737097
-0.257758868601699
-0.314608805932863
-0.0973013530258663
-0.124246003491095
-0.0807347414157184
0.0683515620204022
-0.102420843350214
-0.143667167644903
-0.198735148317082
0.0432341785025351
0.0968951690467397
-0.0890262909436088
-0.166282948217909
-0.139628287951915
-0.178550737745998
-0.201599359389085
-0.205569977318305
-0.0677857905693926
-0.264418170538430
-0.286447797740733
-0.246329088882358
-0.352458786175175
-0.0590845418405425
-0.0511796173813370
-0.312383238384270
0.0498297488712092
-0.275446893962715
0.143759050489816
-0.218299915991282
-0.0707337553104141
-0.0823362257276726
-0.197968989487475
-0.134346602311835
0.0159370999829691
-0.277132787635159
0.107702128458671
-0.378432417554683
-0.188432333182469
-0.491872166243919
-0.338551627286342
-0.448041233158476
0.00674288647259961
-0.133336069721418
-0.0358468544656094
-0.310395927346866
-0.0191664033410409
-0.155105784073935
-0.0190029271209137
0.0604264621842093
-0.0434371319040241
-0.0739613028214820
-0.128082272416475
-0.324825455094969
-0.299013799642419
-0.334983268071582
-0.243311766822876
-0.101293201371754
-0.208628484200962
-0.357410510859170
-0.358671570465662
-0.107646219720138
-0.165001671389499
-0.340665682128076
-0.0890245513604788
-0.253588310670912
-0.113483496824514
-0.0849364049536943
-0.276710991403935
-0.164045132232185
0.106918712065237
-0.177024868045741
-0.0995644623916839
-0.0750095070897605
0.0154923774930758
-0.259631234726815
-0.184649622041880
0.204083421395694
-0.0642939942188903
-0.123608805213637
-0.0745057808856203
0.207704406001029
-0.226497240108170
-0.183333161991676
-0.135709810738675
-0.166087604583547
-0.0759056917317119
-0.233244382856663
-0.215003250829118
0.0958152330379665
-0.331967647410276
-0.186564672622271
0.0326636689262310
-0.261938149764695
-0.252546168963023
0.175899297924141
-0.155736598880240
-0.250450377835866
-0.245988903111010
-0.0624236557088731
-0.166817174892422
0.0464783741725238
-0.174665979924339
0.0941818784905422
0.0520697846658252
-0.451030736751902
-0.0823250039855965
-0.269798491592058
-0.230109997176171
-0.492286102179187
-0.467704141130122
-0.339802071690467
-0.150558035927568
-0.257785031335602
-0.0991514673126841
-0.231196855212725
-0.308949126829360
0.0960946074521506
-0.250208013840875
-0.211443249170643
-0.233438485393606
-0.270389948154313
-0.322606999414538
-0.314465793142105
-0.239510182477285
-0.271803532849162
-0.127693939905889
-0.336607556061195
-0.108019936180976
-0.261923416281137
-0.286751593973801
-0.379979002617000
-0.311172837719915
-0.247724844999952
0.111116852416462
0.0407118446024648
-0.114367864380606
-0.304026623777454
-0.287026751828464
-0.165774468565912
-0.103905842132677
-0.340635439366894
0.0951891906091023
-0.144693716940881
-0.446142731351864
0.0954019783306676
-0.135280876939317
-0.155179729316037
-0.203965522105144
-0.102738938626558
-0.0684377667807277
-0.252471836327118
-0.220434489074224
-0.228485178756773
-0.245957735494910
-0.455356409580146
-0.230639268611906
0.0150107908555245
-0.321532368250546
-0.337082688352043
-0.0357430362171083
0.0700659112318347
0
-0.179174286421716
-0.263839985336173
-0.186822548503622
-0.0371711120340628
-0.243539889357301
-0.139129083524697
-0.162556993724960
-0.247723238329333
-0.403844003166145
-0.471081575481119
-0.352237787213157
-0.340734664821444
-0.239663722157838
-0.321786875393694
-0.127703391364999
-0.0307763748252363
0.205184921411595
-0.189580744166201
-0.434539278451230
0.121087787490518
-0.627427712531551
-0.161789557626762
-0.125860030958281
-0.0904687859997123
-0.207074649809424
-0.0802996132293521
-0.111479324989838
-0.176863923974381
-0.354382494471595
-0.239404339100294
0.0608433959839197
-0.336639657447571
-0.501944508483942
-0.139401934931247
-0.0731431456621648
0.0146939627495404
-0.143219345744109
-0.102903142853357
-0.293418164920020
-0.0569585162057296
-0.110528471730200
-0.566791642713734
-0.103003670833282
-0.275339771623399
-0.264934421392668
-0.500210410961736
-0.152306245304950
-0.587055184514035
0.102205618158376
-0.201780987037200
-0.176999307805153
-0.161250610862769
-0.0328903432479308
-0.216508504348363
-0.191977471695323
-0.0648924504754947
-0.352627724526850
-0.0876278149098945
-0.138621246558092
0.0760786941967140
-0.427138431441179
-0.155534072950050
-0.338564862185079
-0.198475625517748
-0.495506961016220
-0.0661986171220159
0.0191361329463343
-0.0103485705828651
-0.170029621841300
-0.0820509346578185
-0.241203602699436
-0.309984460053456
-0.0643607754621320
-0.188021400458510
-0.671445738930870
-0.148952096719383
-0.250666298834304
-0.386300229157572
-0.296747366972189
-0.310838049478665
-0.136587833689314
-0.217490864438569
-0.193195240618532
-0.0951532845469916
-0.251212993878369
-0.156389097845352
-0.298088703799269
-0.190924075928272
-0.335178215089917
-0.101964623458602
-0.413891989390503
-0.127691462380380
-0.237445429855300
-0.311921230505431
-0.140218665226672
0.0983299838006838
-0.206039138595378
-0.307292131406647
-0.362443816674611
-0.268054060231050
-0.264925048696442
-0.298927214565915
-0.0794151880943317
0.0958129181706495
-0.403833168458204
-0.295076784926868
-0.452296198594715
0.0538067275871437
-0.321772221107372
-0.0578259673083383
-0.674349318193969
-0.366536803233000
-0.0670236416372472
0.0443699034637675
-0.402312952171035
-0.357330275126841
-0.304039974095845
0.0905670431380081
-0.448035325915286
-0.115335294928489
-0.0351136479243069
-0.236166017448516
-0.130304438312834
-0.0844276839323094
-0.720976610851676
-0.272944673637900
-0.209446766380089
-0.157893510374943
0.229631623241726
-0.160113353150237
-0.0662320670916422
-0.233654467194986
-0.286760533014654
-0.167185803448881
0.0389997231257942
-0.721010368127442
-0.351613400269809
-0.181224228524442
-0.165091026692261
-0.503570403794502
-0.0499696438986677
-0.0206946998030336
-0.221664827248082
-0.293699543547095
-0.223099841904854
-0.257395116985316
-0.199525907489596
-0.314229216725661
0.0365381023523730
-0.0966600210348537
-0.120552037993899
-0.336721117465535
-0.467262373145518
-0.553694080931035
-0.335941076638266
-0.221947879856252
-0.176143147248822
-0.325223473542330
-0.331747304967692
-0.291698899825629
-0.0794343413397831
-0.232013639041507
-0.00157192754273110
-0.244428971674115
0.0757246590085310
-0.384352696564299
-0.174922755318477
-0.0827647479825424
-0.0349352253395119
0.0559378984855823
-0.358354509755097
0.0633495375444071
-0.255208342458071
-0.639392833806331
-0.315440772777366
-0.0825713798596612
-0.242012847551534
-0.169761666071629
0.0856734032786917
-0.0823150184454493
-0.331772651865185
-0.183372603445744
0.0250448897276400
0.106912636658966
-0.166363910251738
-0.248710484355131
-0.168678790827103
0.0333881130569454
-0.296753589318539
-0.293883813457582
0.119103114648679
-0.325772362427060
-0.257739537218427
-0.0886908425701171
-0.147878310742104
-0.130083466119247
-0.391581662512282
0.0443300627150878
-0.0317624637881558
-0.203963019767772
-0.155994216342785
-0.427956081257447
-0.587064707391638
-0.127175035416272
-0.106511325704120
0.0607740387031763
-0.226540810194794
-0.261474974772782
-0.292058596158066
0.0831716198599668
-0.337323935170045
-0.238081674423594
-0.422402749840551
-0.138815299994903
-0.250598472429400
-0.102169109535381
0.0606930399723918
-0.0952239017097602
-0.190904760039326
-0.0903759516460658
-0.245934080705347
-0.347890655583368
-0.249955016773992
-0.102489442553827
-0.278379472117544
0.126885706383615
-0.190875282204211
-0.467257514697957
0.0571575806501979
-0.0861816529936907
-0.296329438276069
-0.146614220367730
-0.0759103806577467
-0.473797471489207
-0.0637066391298174
0.00302201481377076
0.0278664421072536
0.121078103370656
-0.0884541235829771
-0.0646071412043659
-0.101285554956342
-0.177765720875262
-0.213585708890333
-0.196897828998117
0.105034466835263
-0.237102603603743
-0.297252023010175
-0.158740284782171
-0.251582599578745
-0.284634428615857
-0.216952495774359
-0.127896204011332
-0.282507164852905
-0.177405938888008
-0.0533878587166685
-0.238998486394859
-0.137820561895717
-0.216004031224202
-0.304048790195062
-0.139058687366813
-0.175655344212613
-0.0590161448047220
-0.210966781281392
-0.142440693647725
-0.144072817615852
-0.0844054237024060
-0.0522879177286314
-0.376881245699924
-0.162669317498556
-0.236806219377400
-0.0906922433842875
-0.217908093820856
-0.271441524509192
-0.0442159767416633
-0.221476453292571
0.0637999659667634
-0.166402117315931
-0.197472398447544
-0.165773952184273
-0.0959820362301014
-0.670342987033131
-0.340886582292083
-0.393984990099385
0.253548533419164
-0.154374453702405
-0.102153264104726
-0.304028589441342
0.148492938733617
-0.180922912523226
-0.0820450686338278
-0.0124732138789336
-0.339270013536648
-0.229230480329151
-0.381965406429623
-0.151754386479537
-0.172378939455757
-0.0149191555783780
-0.00985385314721865
-0.174784465225362
-0.287483234388873
-0.132458242834559
-0.0731379944654092
-0.237325352851421
-0.226490286221333
0.0608395837621210
-0.161041352696015
0.214307711466905
-0.170969935227708
-0.198190807551578
-0.190877619906335
-0.282565766887418
-0.242379202497769
0.0842703564509486
-0.332407740942063
-0.0499603348598310
-0.226100316033597
-0.207052809670318
-0.228008304280792
-0.0742216366116482
-0.137464071235513
-0.421833712794644
-0.169334117344455
-0.0555243431572423
-0.317292694990269
-0.0312809719447959
-0.231394200454954
-0.0581198920606168
-0.330932155846569
-0.310936827154281
-0.152152311671141
-0.205908599284330
-0.340480790955608
-0.725300235185296
-0.341265599982644
-0.336899707230282
-0.292225549905568
-0.0457030027826693
0.0464235136139108
-0.294857820647673
-0.161527231192988
-0.719458807461124
-0.123183098453374
0.0148253935384121
-0.205413428905399
0.0599461154640691
-0.00170273341401620
-0.125057221173608
-0.312403272170579
-0.0995684055615638
-0.246161419449406
-0.256808583726210
-0.127990952163906
-0.188007270001213
-0.352027089305917
0.0604312320763207
-0.187136260109870
-0.336365651037643
-0.284813122944910
-0.263902399281949
-0.195699822288383
-0.289882868442251
-0.241241356333442
-0.462505471249255
-0.115136414391234
-0.108624000158003
-0.0849761733232023
-0.153127644716089
-0.313360959133867
-0.248988467319145
-0.469609049630300
-0.754998565325366
0.183777791197931
0.0178691772484550
-0.260094483520223
0.0346122878578546
-0.0377998868798611
0.0582572376223088
-0.336274464998474
-0.454820791774179
-0.266928929465801
-0.273942046391150
-0.149158543763262
0.201599517064935
-0.515477858599757
-0.160122001147757
-0.517600522358573
-0.350008299824751
-0.324068409598214
0.0601436797365172
0.166087721678535
-0.224293035163776
-0.286120965897411
-0.276899718119006
0.00218756188770067
-0.0759228839524382
-0.148377571455768
-0.215388725627043
-0.308185906300850
-0.193049252794164
-0.0676267543089384
-0.332424523823729
0.0601183260848689
-0.263650585741330
-0.0720371058803772
0.0388773309995853
0.149354772495406
0.180318241005674
-0.283395711599532
-0.154878759379490
-0.179923023606125
-0.110837175284087
-0.237458548133772
0.0817484476558861
-0.304054951700698
-0.354858806350683
-0.0432961927616578
-0.164236130632416
-0.242430302568239
-0.229426490641034
-0.478471955596328
-0.110827009586195
-0.100098588128678
-0.0972743703035010
-0.308494865968517
-0.186113014094147
-0.0577394264492228
-0.156819057583893
-0.222165537920796
-1.50589414975112
-1.71395145390993
-1.35638158244862
0.0160549476674172
0.00100477251767543
-3.64597013697072
8.58602729529741
-0.383241666445038
-0.314817759963537
0.668213061541096
-1.48651040876996
-0.993834690330654
-0.00290985831530478
-0.729583142543090
-0.391838053540799
-3.21399939717255
-1.55799311743950
-1.57480186970224
-0.300531808235247
-0.129275346465520
-1.03876680160483
0.00937265337235803
-1.62875239813020
0.837133363612391
-1.98792927659815
-1.09314474618086
-0.679661044838698
-1.71579176910722
-0.702114424292398
-0.0145794996751599
2.58976474754386
-2.73688358684520
-1.43259770207900
-0.00106555744191068
0.00204316882905910
-0.574760282250373
-0.164153991465322
0.0200818843171380
-0.523624768074707
-2.68769098651701
-0.664873669876582
0.00560161828774414
0.384299640054876
3.79655801777213
-0.717388687901151
-0.479181660341985
0.0112004245623519
-2.32847947324337
0.376770148559029
0.00155937976784249
-1.33273002234198
0.00883177882352901
-4.00503592929301
-0.701544289819135
1.98037892566532
1.16734710315261
0.00278814756800277
-1.52137109593454
-3.43746606289683
0.168297406915209
0.00688193880066324
0.583026005249952
-0.883728083344091
-1.23378829720522
0.00857067303160397
-0.00316002122024686
0.00344830770022092
0.590036562774015
8.54866990636231
-1.09432301600342
-1.09530167387693
17.0296690243412
0.00371340168379341
-0.821862198219513
-6.30466825157428
0.00461776789866053
-0.340175942881563
-0.627605844973349
-0.00294177997501449
-0.675064701808722
-0.0114933678537631
-0.896748397708255
12.2103366102368
0.929902341007070
1.70449628647159
-0.450321714363504
0.0444384849066805
-0.344820410832980
-0.325847842705149
8.28010800705719
0.0104263188961870
-0.00506062333909458
0.0115447298837762
-2.76751728032793
0.924318513627079
-0.551144174179312
8.37059412306500
-0.0100348029640345
0.578540352399388
0.0166239446048356
-1.24655206256868
-0.000403902776437316
-1.88866427659974
-0.161103788097503
-0.0186442619847293
0.00608814326663753
-0.126566756233137
-0.656177012456630
-1.10904556161530
0.00286283503086502
-0.883026208409529
-1.99751824460940
-0.688123497340324
-0.325932995484386
-0.00634962086551811
-1.12089441769277
-0.0153206948883447
-0.0149768643767833
15.0640865163982
-0.00298677830936645
-3.48524236575710
8.36589373498139
-0.00631901287451623
-0.520021622042608
-4.79655449731690
0.00526406199622555
-0.385022704770168
-0.000145194211805537
0.663190572248328
-0.0121925048851274
-2.44861716265443
0.0288320275885559
-0.391532472411915
-1.44191146654957
-0.306235188293564
-0.00572899295887387
-0.121344479024323
-1.43757382944780
-0.00975100911761494
-1.01007701200643
0.000915238102308250
0.495561701456009
0.121111684261327
-0.0127479452238757
-0.804691367420097
0.00919113671346967
-0.0192496574730297
-0.344183764338870
-0.736309297679641
-1.24762807081775
-0.420411082282300
-0.0173361815205607
-0.000755912934134695
-0.0139738340815090
-0.764422480165503
-1.55841458247138
-0.694031319521139
0.0178472122020414
0.00508519859397469
-0.290131148017124
-0.728269217682191
0.513734970089394
-0.00391983939486332
-0.744397690765416
-0.965832446637933
0.287169951378125
12.5052528245411
-0.849411234769994
-0.626385933198051
8.61354245672304
-0.243338408967839
0.00488149755717852
0.00793875542092306
-0.00685259258133437
-0.00555702492950312
0.00582577889451737
12.5112073876741
0.0135516960358618
-0.00523997118276049
0.0115349697095157
0.00572300579859804
-0.0196260448207225
0.147876213064299
-2.09290692778150
-0.121753342875740
-0.00651503521606248
5.72715101445762
0.00111216236720761
-0.00939310820524840
-1.91277042587699
-0.00226731319781621
0.309362458803271
-2.09485067450384
0.00206309795491000
-0.251410838817919
-0.418432161437547
-0.722109172118706
-0.0163070371751005
-0.0278408098249296
8.55212106813680
-0.151069049742057
-0.0352423711214372
8.34718418287739
-0.00785784612635820
-1.18747661948740
-0.996654086083596
-0.783471723270073
-1.21050616127677
-1.99671443714833
0.0461577853867187
-0.0156666470026097
0.00575811600190357
-0.618167557232053
-1.20599321415214
-0.00567214463471890
-0.544989484432010
0.0125980381448401
-0.00229167728947894
-0.0183659922110317
-0.990870465871020
0.376921868191213
-2.08325231637257
-1.71952810475335
1.12081013615011
0.00983575939472722
-0.898138266904368
-0.378586116650101
-1.14786802197957
-0.00145985003640472
-1.02567792852974
-0.957229981385172
0.764985435874029
-2.14107128622330
-0.140785027108041
-0.376757903984818
-0.0135472515721161
-1.01117337223082
-0.209205799152879
0.00937604899048457
-1.00094870067556
-0.443972414435029
-0.00539767966907915
-2.90411349497437
-0.0112419408546836
13.6769775695096
-0.329020081893863
-1.31670003015043
-0.00999049618817935
0.0175083806457484
0.335243004935146
2.88031929345375
-1.15328885388479
0.0421894889130840
0.563779893995204
-1.59172355672640
-0.631806370952511
-2.55504460442760
-0.138744441053719
0.00283941962386293
-0.0190301868779009
-2.06931261572891
-0.00453242127150714
-0.0216976647580163
-0.161467295940983
-1.51393793100310
0.776757444170551
0.00599834185345290
-0.348203824205550
0.0153675076190755
-0.861536666346556
0.296493755975651
0.0184405813472677
-0.930785345085588
-0.00395040066730095
-0.233702325408781
0.801474557606143
0.308606539608851
-0.406320267933937
-4.52958009708567
0.0193976184883657
-0.383870875269265
0.0105033571215434
0.0512013586176813
-0.303324939639680
0.101667389416629
0.628044470131584
-0.561765999177045
0.227527360298481
-0.00397184590789195
-0.0117176338126077
-0.193396814411545
0.000210996675761815
0.523834225313666
-2.30839015459537
0.0138156528292550
-1.03564375752246
-1.61118689959674
-0.00406023694432676
-0.969228543418551
-0.0124383381142127
0.477780705310896
0.00398341922033923
-0.0281160219013884
1.63627850587421
-0.0213080356489098
-0.728247967997011
-1.47851401046975
8.54558839277982
-0.288769265544557
0.00214766917762273
-0.899943030150825
0.00194009100797409
-0.948152414482946
-0.314941557266801
-0.00887137224179877
-5.67740125441678
-0.647791254687079
0.0155763834364878
-2.41341910999274
0.864792247495612
-1.36023105518813
0.000470460739686510
-8.61786333378880
-1.27146154849560
-0.0757236816121174
-1.07484035577981
-0.780258556402887
-2.51794318250536
0.0412637908441684
-1.32256040322038
-0.0123851819877562
-0.205654697654086
-0.830971667603088
0.0180053337367625
-0.327113195854976
8.62593320114260
-0.274739310655219
8.85104322804343e-05
-0.0109117468554306
0.0159726727167043
-0.850958241715996
0.565490897536444
0.179804160325502
0.467379667432762
-0.774371346547864
-0.226976801071693
0.00429968833522617
0.535552647969954
-1.25085841911874
5.23223087369842
-0.435207004458903
-0.789983842722203
-1.57809349504593
0.00693573794281374
-1.01220925375343
-0.562064067199456
-3.68999278689609
-0.992519185342801
-1.40282798463850
-1.81029260378897
8.29511852899182
-0.00858818080036293
-0.00333633889721158
-0.00988742776374133
0.00967393124577503
0.00606441614906373
-0.193237907840460
0.145570482466989
0.378925439279988
5.40219113076946
-0.315853036264581
0.0101180322715780
0.00493109419156499
0.281885587595575
-1.25307600338859
-1.52473888520387
-0.252192717380196
-0.419165594461378
-1.30967873744332
8.60007376700872
-0.274844463944317
-0.806787528763238
-1.54794512610167
0.00354002293131729
-0.764618788399219
-1.81410392592136
-0.416992433214974
0.00607040733574641
8.55158762055141
-0.831356273250744
-1.62376974089907
-0.182819566108690
0.00435512838744504
-1.98077239468243
-1.65381200810313
2.57692996474468
-1.30018958669590
-0.448126684717597
8.36795814927975
-1.58184720054852
0.380722685258657
-0.0132464181823086
-0.000509409726714506
-2.02062530758798
8.55356280364917
0.276138144710456
0.00363011245666982
0.00285974323269994
-0.00994366793886846
-0.205835118076967
0.119757816692585
-0.883417218665654
-1.02756573457997
-0.480425384161729
-0.269183082976748
-0.0120449622778708
-0.192290839461067
0.0144555812010963
-1.32388732470887
-1.47942627310730
-0.360770502069267
-0.240440902086926
-1.11017812556195
-0.00795428390122745
-1.71514101265168
0.885893277151050
-0.0168683237057650
-2.66255409493778
-0.00938696063773919
0.00582648218503768
3.68064040269784
-0.788900573116775
-0.111078978028650
0.424353499254697
-0.378088806085134
0.659432039492402
-0.00834691293763012
-0.116025302097263
-3.09023093036315
-0.00103263231478654
-0.877010349079849
0.00426485380073201
-2.01544326564188
0.0330109089501846
-0.0830218675817169
-0.0571284765970637
0.00997077380790688
9.47453329705785
-0.00633921290597573
-0.00536723443052319
-0.253634531034212
-0.479868901562057
-0.706227039819714
-0.828316851907562
-0.00323167240071868
-1.33725662914722
-3.07080619804245
0.578762616558656
0.00172334563712940
-2.35168889128433
-0.911015091225376
-0.452743200999664
8.62382155819562
0.00339356619096868
0.00364678538412336
8.59988541711503
0.353245719844822
-0.692815885168191
0.000971803656837097
-0.963911067772321
-1.72782743200065
-0.935131261888707
0.00655948849951541
0.0175231196016132
-0.465836106173549
-0.00131033644625171
-0.00269145042388265
-1.18609496205761
-1.27599975316954
-0.309739939775914
-0.112967876691379
0.0243385242031882
-0.00669474786017956
-0.436894277911755
-0.910579515019221
-0.802271488303776
-1.22876959278855
-0.479593824973380
-1.10013804656233
0.922183437126167
-1.95268589339339
0.00586269320148523
-0.0434478062638259
-0.0391085461056687
-0.00823484536413885
-0.926388967599210
-0.00557396784107699
-0.337867934692761
8.61592012842582
-0.706979194340685
-0.254920778962130
8.54203555433166
0.0991879522452530
-1.71395383399414
-1.29642301869554
0.896988001324609
0.291022588868327
0.0105630062312448
-0.758047818736000
-0.493692394393515
0.00471330852733984
-3.11611281711919
-1.08014538950879
-1.83494798924422
-0.138093802571398
-0.00476815337941951
-0.870107024325670
-0.174004876080177
-0.0160343224904627
-1.34978918793003
5.42970729674999
-0.298954274534347
-0.684935438256287
0.00745448377496308
-0.382551672183871
-0.530735458874669
0.750930469138620
-0.00549171687631121
-0.167742731551240
-0.00319674911590195
0.00122111156878094
-2.47410587099562
0.00345275322210515
-0.905118976581204
0.0238641074991022
0.000106297501302259
-0.160637405593871
-0.550238725766599
0.00365840727402186
-0.00194870834935124
-2.92436347490602
-1.59539760158806
-0.644478936806652
-0.00705843873285013
-1.51790934560998
0.196666739318811
12.4890701770166
-0.00769371612069380
-1.60399427794751
-0.00116159195869689
-2.42007346474418
0.00801228776233796
-0.341409311093530
0.00333983370178766
-3.48285739102545
-0.568814251891599
-1.38573780607365
-0.00399732070762846
0.158178081681638
0.420714815076172
13.6941371036141
0.577970486268616
8.60653612243879
34.2376127530803
-0.00454882755517371
-1.67698050861312e-05
-2.35294880118725
-0.00586770683853624
1.70360722051149
0.215829345555164
-0.0256745574456132
0.554211286020997
-0.0133971771328444
-0.00193484886620474
-0.996073717062171
-0.00976337512991975
0.00283860910018795
-1.01168563749033
-2.25351731372190
-0.0125473282631146
-0.00393265977473390
-0.978771689335735
1.28736952387346
-1.26064489158790
-0.515869117180375
-1.95546072088766
-1.43330478573106
8.35646483074221
-1.83158870430487
-3.38414653389378
-1.41128973588215
0.0144804431450417
-0.00709153435772892
-0.00228633247800255
11.0330939540836
-0.00136162672630326
-0.0186049600260188
-2.43721028926894
0.00947351497647658
3.06681291532066
-0.134593712264209
-1.86420613911727
-0.735317244221868
-0.00106651511426016
0.00194648609892746
-0.702271415288709
-2.06090387434616
12.2117234766404
-0.247079894246816
-0.894430956086175
-1.03527320820072
-0.445838530208975
-2.20175515286405
0.00585626967466173
-0.611850966157273
0.938808236027557
0.233952179427802
-0.887120077069334
0.0212008781125128
0.0497313407953841
-0.155137978977046
-0.00421624273977265
-2.31710195430062
-0.490060556093350
-17.7089820205448
-1.63323764681686
-1.28153444995397
-0.0452444439588416
-0.489996983625307
0.540153342938188
-0.000904606776594698
0.00981492352673333
-0.491963623663516
0.491471278973838
0.957897817181254
-0.00147706800142358
0.218835416739959
-1.44518792428872
-0.00401593538114522
-0.282653280460229
-0.764081775434997
-0.688120945388325
-0.119668802896494
-0.817411553877577
-0.00133540367905863
0.00267794582501885
7.16914442876987
0.0127381043259808
-1.41035164907716
-0.328645207485570
-0.517910065683581
2.28358443751017
-1.20397755719034
-2.03405141637127
-0.0128875478936737
-0.405666079485449
0.0142220321263831
0.00195390878743750
-0.631913056434395
-1.35040970828197
-0.0105690619945420
-0.620698329090579
-3.87649582110201
0.243523815384921
-0.000759042986096498
-0.371454938946690
0.0166241114250622
-0.429014266171963
-0.0981295455980975
-3.08663500223785
0.0221827352440297
0.0140770365653634
-0.00397543297821120
0.00670020041161884
-0.00265908136985333
0.0457203887632284
0.00396150189505302
0.0100192662290096
0.160618107421118
0.169203863266253
-0.602047147678880
-0.571670532751378
-0.484927986093273
-0.979007835734240
0.00126279949693618
1.01757338326855
-0.422413732303971
-3.44537054722307
24.6211839177246
0.0127360000995761
0.00574544418433227
-1.34182559009759
-1.77659309203469
0.00478910973115200
0.367132875514559
-1.14283142707407
-1.24226171363744
0.0163978394186314
2.27904712325094
-0.575083011835527
0.398422446959925
-0.144715859459186
0.00590417058458428
-0.00111691171920151
-0.516890500288060
-2.26376219873508
0.0129081979983486
-2.22119247282915
-3.39120151066044
-1.19799771646919
-1.12250245104633
4.48222133103342
-2.59125696766625
-1.43977416919917
0.00695826110122277
-0.450511530934912
-0.00330829463475573
0.654803197512389
-1.49266177211917
0.0149146637566631
-0.316968931242691
-2.23080767633841
-0.0809452686378543
-0.00275451320619188
8.60650602776926
0.00243289915418568
0.00987342099247188
9.52450512705035e-05
0.0165522628355009
12.5010380208624
-0.178763385815749
0.0744732030106292
-1.45109832141746
0.0167438802484517
-0.0844149919640601
-3.92747069549447
-0.397816604099704
-0.539574525807877
0.0119678964633251
-0.00284468360171769
-0.00542898901836015
0.00794282782655064
0.517823733266478
-0.00130665507499837
-1.67904543973667
-0.621522815442175
-0.00807795989127449
-0.0223445602359145
0.00579211428674108
0.0100222682383369
-1.06822770704633
-0.00566834472153391
-0.647411895467798
-0.181655490744156
-1.22956973531627
-1.96816446148281
-2.02043893998775
0.196008350340221
-1.14695110742426
0.786403830740636
-0.465677699106392
0.00457630017789799
0.739266700301570
0.00926399439126823
-0.980573343338390
7.02314485621317
5.05771231203449
-0.00300626913709775
-0.00239467127881990
-0.0108782932023920
-0.399445719196289
-3.46191014652727
-0.00888764470225008
0.0114444901533332
0.00201714185747439
0.00929854411644852
-0.326739040739271
-0.774765604765391
0.0142647238510299
-0.690124945761498
-0.330683628789133
-0.377160338012167
0.164140367726698
-0.663648314902607
-0.00905950766114536
0.0118078658170685
-5.23653354660283
-0.791651368001781
-2.25467522118898
-1.51507650392573
12.2064027277975
-1.51726842523945
-0.00964542843293068
-1.69573974546215
0.203645398143178
0.00726340580863754
0.0109704516434580
-1.42014207177436
-1.63213891434978
-3.38413606876050
-3.47264882609992
13.6763617268842
0.00758704239141609
-0.545877144877336
-0.182625571325692
-1.12754844186263
-0.519271166831422
0.0142991934260536
-2.38576499296852
0.0461181645851544
-0.0109660585283982
-0.123190001163090
0.00622089282074672
0.0129734159935025
-0.0122221467748041
-0.274764665730563
-0.693253445954605
-1.27818682230983
9.93324061350780
-0.880524916291214
0.00162572309303460
-0.0186373655088834
-2.92071596176166
-0.00452857365767814
0.0108249444254134
-0.850370964724261
-0.591148332275077
0.669199083472412
0.176269280310655
-1.95764553130885
-0.382469128843929
-0.392172955204803
2.01413146542155
0.00657368064129308
-1.13865654573696
-0.139256952523344
-0.00199407814716802
-0.00591986091436678
-0.0776440602930268
17.0064590285547
-0.824324119468718
0.0182988293625634
-1.27034485064025
-0.781202542520895
-0.00932071306386161
0.0135323526117004
0.00786041509856378
-0.387634950691785
-3.81159262907417
-2.85282707483546
5.17892503406580
0.00534521468813927
-2.16213608320741
-1.34670242254422
0.00129745057691985
-0.0124525132774229
0.799067688136672
-0.451341303613027
-2.36349451594183
-0.388476067361293
-0.391836636075684
0.330882734169500
-0.737751481046848
-0.876386782297600
-0.647428430864949
-1.74830942133215
-1.35688966426319
-0.00664991085836751
-0.312655738989523
-1.62634655004001
-0.435552530274122
-0.0570395876088370
-0.751955425458404
-2.55839854236841
-0.380330736268022
-0.447588898629319
-1.83168651766197
-1.01927870086244
12.3189041850887
-0.00248939564346901
-0.657911957943510
-2.79631596321785
2.32697549328824
-0.00719522132987131
-1.45592971531800
-0.00285775973697321
1.67190051721516
-0.206397564492541
-3.02135292760324
-2.02001119595840
-1.00536804511751
0.433088085272909
-0.924264756212477
-0.205092743136305
-4.11196741175728
-0.623838215697192
12.3163289156392
-2.86030280241559
0.00950261642594961
-0.00759123423617447
0.00171729050409791
-0.0262788563714686
-2.78267166269897
0.170478017786317
-1.39885414690739
0.0117797326469409
-2.54556061674889
-0.630520313262506
-0.899311872924499
-0.00314778518141816
0.791105926081367
-0.421284696113841
-1.18423660524358
-0.715548883157378
-1.54758642771785
-0.751804483711302
3.69550786933004
0.00122129483726108
-2.38970353677280
0.00362711743531681
-0.00414774457528598
-0.0173322801634820
-2.46387435361779
0.432443991286230
0.00411081459606622
-0.540128896342638
-0.0913370432061180
-0.658739238143753
-3.31024013229310
-0.0130611292871901
-0.661280398988283
0.00512041608223918
0.0438399038833735
-0.623110505381027
-0.263339606542739
-2.25821246414526
2.24406272597399
0.493242178818348
0.527491393472122
0.499115952110378
0.147909660248292
-0.00699078601455152
-1.66379689518017
1.70874434145930
-9.74791703902705
2.03500927833852
-0.170419776047488
-8.37449808816199
0.942878072462703
0.356007166215394
1.07311998508112
1.04372575806504
0.444781931394545
-0.729276136493572
-0.840391381495375
1.16628075391889
-1.80763190805326
-1.42417648526816
0.00409883099579348
-0.0893972683419521
1.16241935622695
1.17537003078738
-1.38186553682190
0.458150281443962
0.0774969229389243
-1.02967304545336
-0.973213550461030
-0.985370007972587
0.142849332366234
-0.540780286264215
-0.541520700001597
0.189279839233917
-1.03853488054697
-0.217122200673457
0.588170755271865
-1.46324696970090
2.20947261966890
0.0121879816647469
0.752003493468716
0.0136491674341928
-1.02069914180650
-0.725600002828343
-1.36585471934749
1.35660177450248
-11.1490547153722
0.247903378630742
0.197967423953627
0.208855993610878
-0.454778854940788
-0.464710364593951
-5.08182453753287
-5.20451170430761
-6.98643797957686
-7.13263383922382
7.65951485016576
6.94351095167507
-0.0372794990607160
0.00347518513935627
0.00918749864094390
-2.21769433258975
-2.02584698644184
-1.44991047178867
-0.403638649521933
0.740792114266394
0.834749123230846
0.338866649850458
1.29274171708949
2.99165546355073
1.22926523937106
3.13352411544432
0.0110064374471069
-1.18632263583605
-0.214251639904802
-0.212873537567023
0.593357431916110
0.0745299491493515
4.25653629989431
-7.74992285710625
1.69638799255381
0.368465104490552
-0.282308754325846
-0.0139958437278918
-0.295089652834855
0.498134470023901
-0.946504096230692
-0.00369422405908099
0.279602448669187
-0.651473899895788
-0.148236614845537
0.656380554390385
-0.723626013786444
0.763952581404767
-0.579344528610897
5.08021452055248
-3.68380932716200
-4.60832402448856
-6.74768185423174
-1.05616534512629
0.845512543145007
-0.0133346410812426
1.69219555061926
2.07977393453843
1.01598016494343
0.901319714370451
1.64285910215151
1.84517696642846
-1.29908432123959
0.497076293888530
0.319352747785214
0.172349372891845
-2.65124580561665
7.10963166727806
7.25816253518486
8.57475329696632
8.44037661695752
-0.00432571196237467
-0.00171840038642287
0.841236838455341
-0.526189075467523
0.0136973043813540
-2.25328091456113
-2.19983761132965
0.436250305728500
1.78251639165547
1.52796073280150
-1.09888162528203
-2.00816782065416
1.00223908496632
0.489959542569854
-2.17030367911206
-0.567159187143044
-0.747463139430672
-1.53890174100963
2.02602609669348
0.862896850982466
-0.860024959069873
-0.184714934255349
2.16039374867255
-0.00454765679266786
1.91357785397922
8.95013989485899
8.74616426314782
-9.85790372362514
0.215875358515963
1.24187950235580
0.752374875555187
-0.878643627536414
0.491646804695016
-0.591660912015007
-12.5086497933170
-12.5039553095575
-4.71079724566874
7.82882958523360
8.90432328040710
3.73100068474576
-4.86934426813754
8.46347835834053
3.66716487378871
-0.391847169241103
-0.00346750615558344
-2.41972257737048
-1.65759025981538
0.788680729664889
-1.91145721779745
-0.676136414413310
1.77149963881064
1.75490701573123
-2.16687355224486
-0.635607847012494
-1.02572227431607
-3.40448173008548
-0.853475807236223
0.172618939282014
0.170941050674199
2.91941475967580
1.13295257140507
0.887133276099604
1.48944309784010
-0.420954861970392
-0.596403016088708
-0.364975587329660
-3.73138288245713
-1.66956948873410
-0.648715402840054
0.000404733602377773
8.98605643011271
-11.6013522296470
-8.21162384501811
0.00490392405193682
-2.27477445110721
2.33714254472333
0.417719338601898
1.78980900716306
1.81300542500051
0.0191977534170177
0.345737030738795
3.31763018777071
2.29988122388279
0.0150575337528927
-0.0793579517533650
-0.00359095903586947
-1.47688555211676
-0.0178113342940892
5.90158683300655
6.92153612544890
-5.27835845983369
1.64430949269689
-1.61125073917572
0.910050624039099
1.70592019059345
0.666014473954656
0.550250521932598
-0.00322775188029045
1.07624010012229
0.785764152738593
0.337207397734601
2.89591586488089
-1.03325893578145
1.97777017468414
-2.25590558846200
-0.455154512458323
-1.51993795066860
0.437773277199447
-0.704753706476463
0.972210072894300
0.00143628252967604
0.00630500834309178
-0.00950988788769843
0.232460920771825
-0.817789275358166
-0.310305792753983
-2.62466836131648
-3.31651769370307
1.71581464890615
-0.205233994969145
1.61056750803595
2.98646356037906
2.82251774138391
7.69490516971341
7.47968173611636
6.74986223852648
1.01075422644224
-1.95404749904124
0.598461290832507
-0.298208873270571
0.117842109980701
-1.03334365874326
2.10811774450099
-0.633451191615103
-0.695193629852125
1.12647957339872
-0.0687736854180479
-0.0178501816148198
0.829935987661540
0.264962553927652
-0.333735075139660
-0.372756028116207
0.930357349413987
0.276969908522452
0.278376359937189
0.276419514289061
0.263983705793094
-0.0486995518588041
8.29030307278131
0.00780442770169762
-0.628073001142414
-0.667462929638076
1.27757879468504
0.339365273732402
-1.03807511314832
-1.25906110044865
-2.91398554943478
3.40327315632581
0.161099987152008
0.336073281551995
-0.00567750149244425
-0.342568559632240
-0.536346666550767
-1.33476447084597
-1.13658370826474
0.490268635937721
0.382003768493253
-2.49612498956752
-0.639065202404092
-1.29868061913068
0.553399832538428
0.0132347406615485
-0.00351372948987843
-0.00502221156153005
-1.45480895834960
-1.39345653855139
2.39263010209375
0.481874315866816
-0.682086080968210
-1.13037407510564
0.447604178797400
-0.430649567371713
-1.25679483747739
-0.00788486823300892
-0.000497767664500000
-0.346252836448635
-7.57314831257741
-9.00040731094386
3.15897169722209
0.808218927315144
-4.55632558358369
4.57552691092867
-1.12871347544849
-0.149395828713759
-0.0147997646077720
0.643088537049874
-0.473186619134226
-1.21058824193624
12.2150198549034
12.2128190504689
12.2043994813124
12.2006900928526
0.626172916713378
-1.51958328529894
-1.09146391973682
-0.392586996271952
-1.07966788501856
-0.400403740074944
0.847350922865739
0.00831330646839385
-2.92531538426991
1.86948956524877
1.65843712270942
1.73673835493496
4.36487168339283
3.85469692746728
1.28806820022470
1.53586724683523
2.51864921847915
-1.22289999747373
-0.807864823880668
-0.812480078834535
2.05756566302507
-0.246076548305251
0.216812944526927
-0.560073388936811
5.39281150955412
-3.30928218022027
4.62127583944957
3.96703543096316
-1.69096345304353
-1.99986806232553
-3.27232363307284
-3.36393333764412
0.517014004523677
0.593820055441060
-0.808021887753914
0.699407472128054
-1.59738873322265
-1.61069741134643
3.05211642814206
-6.29631479468684
-7.26368309270805
4.92770463582936
-0.743967641820071
-0.239725568205016
1.46675765423125
-0.463003787655616
-1.54702603038456
-1.58625615929084
1.44523975799864
-4.15247842129052
-1.21764641093735
-0.316056614745580
1.32575055165865
1.63519049538808
-1.52072171624564
0.00473028561922388
0.449809097412669
2.13360334294068
0.410520187169782
0.0188705887899643
0.00444007899574964
-5.56850506930058
0.779417697049088
-4.23431219623737
4.74926657406064
-2.57964436766365
-4.17992997015664
0.799947494644649
0.744270705844573
-0.0149260261703278
1.42765970516189
0.847145143135440
-0.00249176564865884
-0.0148012642619564
0.169063050304840
-2.62396264710924
0.301103415086184
0.723942983576224
-0.419444963040970
-1.83225100779747
1.47408557716860
1.51094509400810
4.21835891336416
-6.33595972733668
1.20284155936470
0.444802074537682
1.80519218853302
-0.00365160606901427
-1.68547374484143
-2.07037038900792
-2.09773167124020
2.35000745182025
0.221312793671294
13.6751997763524
-0.954030961797706
-9.57167463738628
-9.27303416232839
5.47977146084896
1.41165327233488
1.43568816459996
1.01509851310509
-0.907843746519196
13.6844880509117
13.6649228019996
-0.582696872157638
2.50592282306755
0.570081226572301
-2.30928042175259
-1.59013541339717
-0.00768942489395147
0.0112390598184696
-0.321417336616586
0.00679033270384155
-1.37587562070751
0.216095457980797
-0.00559934978096439
0.240433882467986
-0.503820674883043
0.518251845885162
0.653358152057353
-2.03622746494724
-1.99862939420659
-0.00802406276088424
-0.00840452058792388
-4.15861950898313
-3.80604977208397
-3.64669990005865
4.08814693999894
5.72277165177359
-5.41236522683185
1.45361098444044
2.39230825542509
0.0809235967417709
-1.29576783587523
-1.96486508806628
-1.91096778960039
-2.00967912669457
0.620798171800488
0.0511853338441419
0.384986104033487
2.40467823535074
2.39552728808506
2.09169884667503
-3.85754482140400
-3.35493960335387
-2.30561627471657
-0.473094965337281
-0.227574452411787
-0.180712885639997
-0.158879352899319
0.156775719142363
-2.16013702665828
0.0349743390982031
0.413407334582565
-2.50067670989272
0.219547733539956
0.386371816705227
-0.572777005359057
-0.505219579366807
-8.62774434307882
-8.61021996115977
-8.60602450080391
-8.61115122822542
5.91920749290354
5.49744709182572
2.76464257309817
2.33748183841434
2.27655885245103
0.178107395955763
-4.44622390965982
-3.92462367558655
2.05936688260265
1.84885096927815
1.64390102327311
1.02961318256070
-0.600845895410913
0.00325476299154101
1.22293448653154
-1.20610667163731
0.00895505288410491
0.0166757596783020
1.27517650232765
-0.0899689821163539
-0.404358311770044
-3.44337067589573
1.48498537174093
0.176852524494420
0.781485994388624
2.00869453214663
0.254659155251476
4.00752888852454
5.24706303703857
3.48965026145737
5.10156419776851
-8.58854426488604
1.48096791648603
2.29623317957992
-0.996690238960381
0.305296693053936
0.289527397922427
0.736591397985068
0.00724568091318589
-0.815501310726728
-0.0338422456326035
-0.0146022020927096
-0.539671928512989
-0.575014763539451
5.17102731856643
4.89327242965421
1.70143301929572
1.10039041943118
3.28147003882764
2.17130110530744
0.00766826244916260
0.439284293790456
0.266623027151582
-0.131979162138323
-0.000217374597524076
-1.88820731306767
0.653410934147476
-1.54359383701401
-0.692132450089685
-1.30896209402296
0.561642034526350
-0.109268259915755
0.0958861046804666
-0.00799175089199126
8.38351309507032
8.36767250950583
8.37066356243647
0.00241761301021609
-0.461151081696356
-0.452466899278666
0.901604570204898
-3.89694151669212
-3.83303650231173
-1.27976312879132
-1.14168051046093
5.49666397559359
2.50113653781513
-0.00357519170413448
0.000564203802535447
-0.00161121201836251
0.531637811328343
-1.88936948867085
0.564573493054511
-0.192829163855357
1.85079548856866
1.67357810853262
0.0126299784869913
-0.506683352527117
-0.272253045750777
-1.06242430346130
0.00416704405491556
-1.54431493843860
7.72859148753619
-3.18166163520212
-1.16761480232411
-7.61465864309728
-6.76607181126491
-5.46856828534463
5.22270479986929
2.10464849442577
-12.3308044688180
10.8148478098227
0.243260706244969
-1.58279136386404
0.501704111623875
2.55846473840599
-2.42624080607053
-0.663138588601841
0.509303845133382
1.98800236364779
-2.48042629792070
-2.31164505660194
-2.38002321902183
0.784618046977740
1.60251675394346
-0.00308886257873147
-0.0139011792647996
-8.89489078385847
0.965606118572885
2.87771640931908
2.60247953355930
-1.96988125406957
-4.12199013045138
-3.64466998065946
-0.494730783791618
1.18722769992049
1.17869080962485
0.340241030767584
-1.24802090923181
1.33847963227117
-0.778681170281842
-3.39899139365763
0.309220246359912
-0.284538925708996
-0.000306321462458013
0.277380700492326
-0.413242593322365
-1.88025396911518
0.00212472945786077
0.456826424434644
-0.237961374056858
0.00596984868472685
2.09091161859422
1.11168241235953
-1.41468267992700
-1.38649160851836
0.0178474362366942
-2.79740013502926
1.23409756690164
-1.04449336848004
-0.00563194937063737
0.00483229735325582
1.32346240210620
3.30045619013885
0.394000402851806
1.50075472581276
12.4996561417401
12.4918438470883
0.0158440948697338
-0.0132946471271639
15.0431687021382
1.16244472548789
-1.54693954169637
0.504403231200707
-1.48777758385209
0.316475421684029
0.00339486269841678
-0.298140841267761
-1.06281298217260
-0.626542879793656
-1.86038551899009
0.241747419858659
-1.50480326539083
-0.276773367759943
-0.463390871932512
-0.172048056370993
-0.161126084898748
-0.986305244298618
-2.05148457825337
0.574845974045444
-0.818773791727955
-0.0140613547724685
-0.752085707746173
-0.471631886982782
1.43661059725328
-1.71892512970661
-1.60010971225693
-1.16309718390221
0.407843940206867
0.640830222028174
0.635910148638992
-1.03828587602836
-1.18635710303380
-0.00128557015967713
-0.0571494979368439
-1.12915588329596
3.36625323595779
0.873962859861874
0.528309043050743
-0.761082739736793
-0.801927856230751
-0.863598896909786
0.447993068002016
0.00559677781349834
0.652332988479967
-0.919060838272628
1.76970223273960
2.25687489082717
-0.565826642115943
-0.568646912145955
-0.00982369061207199
-0.954186673105968
-0.0842097045466929
-6.79751717946097
-7.83695013454966
-1.87334052745544
-5.37360324501034
-6.52240359451228
0.668475049909744
5.32753578406228
0.719339640088386
0.298007781959274
-1.67120825734941
-0.305524233122590
-0.192755731007651
0.268193863560272
-0.564060988852876
1.33413398786310
0.399943148417076
0.476589042962155
-0.113265801165960
-1.67884877505268
-1.97373516673135
1.45944184608715
-0.354739872613539
-0.764775931405249
0.00252522494458980
1.07456872546061
-1.73824395524025
1.72354091745847
0.310660512850803
-0.201745383056399
-1.13205120043412
0.249536494886802
0.396446097893708
-0.168078520208672
-0.345481361396850
0.219951144402347
0.173867335160478
2.16077849036298
-0.942746026816358
3.48276163747301
-0.00532836088643110
3.47834221010359
8.56907047820213
8.56389466234384
-0.153370392859614
-0.00295809735881577
0.832309066567018
-1.31268585889661
-0.0162333627825812
-0.289466072909446
-4.01427149642684
-0.0469029243560976
0.208083891590550
0.184994624693366
-2.33466390860178
-0.839053247763902
0.217308121116138
0.219379208379554
-0.00240315322132924
0.00451076878854553
-0.710053435360029
-0.703485316077151
-2.24888584780201
0.811572135658167
0.175689872171093
0.547355150510116
-0.0114732081689812
-1.01912455427181
0.888843293766658
-2.43536699312353
3.38661949402652
3.53080203956867
3.23297137643459
0.946580645686830
-1.26743602088746
-0.0143442388350727
0.669065319841087
-3.67142976563409
3.34879572492189
0.710444241529329
-1.61426773000874
1.43530921446945
0.410698581166729
4.30308549611521
2.32834066882106
2.70657907103581
0.725769707723782
7.71204135583355
0.950481446572649
-0.799751437285446
0.520413903667691
-1.76451509529077
-2.43042635808630
0.0437188155639317
-0.215299052541366
-0.574469226173998
-0.333950736145362
1.44583072362159
0.672766561831903
-1.00265999564434
-1.64728353330739
0.141910768124964
0.777072113641892
-0.0503168629204328
0.735485419970367
0.683703969658467
0.274526500627874
0.142478232737522
-0.0304509159589860
-1.76977984406014
-1.82802807989934
-0.103281548403658
-0.200396223211029
1.22751618647978
-1.66695595173378
0.889082365184193
4.27804098669634
0.0505771402803267
0.798765767728914
-9.96829191995394
2.93678696252755
-6.83269709690906
-6.96924341306004
-0.773638357365282
-0.642091397396570
0.402237158814228
0.380229887543216
-1.40175119388762
1.04701549244365
1.04131683796587
1.67021641014876
-2.21605035381404
3.14607854805338
0.0704563236031670
-1.66137243084911
-1.59905665538354
-0.777707160991495
-0.00402208588714851
-2.69481545126119
-3.76502980166666
1.38416456019390
-0.293423481789672
0.647842082994939
0.693559875051260
0.310163197888969
0.0231035898209565
-0.252501192001228
-0.295159655777689
2.22736924687225
5.10584237282009
4.06788321745909
1.31489643661966
1.44064007644700
0.767243837784287
11.5835250177931
-1.36510613089026
-1.73811428814773
-1.96448505893282
0.676818092989492
-1.06510071529197
-1.12803661129955
0.353850415778530
-0.463650400987771
-0.825576364118917
2.12634030634501
1.92774496780490
-1.30117374814206
2.35822285460363
2.05651158115903
-0.0390305661197882
0.918136365882873
-1.95326368633035
0.505624528165609
-0.922585191464208
0.987768062899505
-1.24713338443100
-3.32701834279517
1.60478913940148
0.839610033995630
0.108381632513385
0.0137310591923451
0.371693089041024
-0.718551192096734
0.397143419472568
-1.62085820298550
2.05106523432288
1.25931145411166
0.685356879653805
-0.414179158811646
4.50752819413109
0.552980120970514
2.52774849343362
2.47929517756461
-2.05062812178401
0.664534007224485
1.23074902679548
-0.369503282504199
0.192926416500589
-1.04570070312424
-1.78085885787094
0.848111581576152
-0.212147682778573
-1.39253501728249
-2.03523940193984
-0.00625205611693140
3.57521579165694
-0.553278354905059
-1.98377344766097
0.00786044211600264
2.27355787746633
0.729252162393527
-1.75513498961349
-0.895335010092071
-0.00941395688710205
-0.405477139310990
10.4157660080832
9.31904062974988
9.03911435748592
8.92438039004252
1.12831959941065
0.802867695855844
-0.292180815654390
0.196187408092114
-2.18681553660430
1.83404235051971
0.00623054855861292
-0.781694918735979
0.865873839063101
0.00603696125383024
-5.67829786558245
1.43223125390451
0.852416325239326
1.45219115004826
1.49835158188839
1.50667389781864
1.07642532061617
1.45506548969645
0.321766650263096
1.95350108229941
2.54008707053645
1.06001251714149
1.12296177166692
-0.963778093741300
-0.235616866158384
0.533560667842818
0.00777690219157234
0.863381889924405
1.77369427834942
1.40802992698821
1.49648949503882
0.0329608901572173
-0.679108349381790
-0.739638881166743
0.703047324530426
-0.478154124950685
0.625159077522082
-1.19370640339574
-2.91867795378767
-3.12995992143313
-0.0763562406139384
-0.0629799070636211
3.86630066571132
1.86396538399890
-0.349575259301568
0.840777517646972
0.484026552163856
0.00840177522871427
-0.652160124399994
1.76297167919840
-0.0792000181374324
-2.09120700466159
-2.05190857024588
-2.13442287911381
-0.350396106937100
-2.59942802316688
7.82516777848655
9.04179445737027
-2.64011343793197
-0.623543527557105
-0.00398895736466494
0.00670680859792362
-0.313435034298207
1.10856845239810
0.00964639290849427
3.29569750568756
-8.60412562826129
7.08747175599301
6.94732832137788
1.47955765864238
-0.203505545728823
-0.301380261996936
-0.102198810805303
-0.333934220754957
-0.847570217462409
-0.159270923398858
-0.00919927310413869
-0.00300747920452118
-2.80704142237701
1.63873332079398
-0.433132164620679
0.257866874143285
1.11003047605524
0.00751490032128478
-1.96760537217768
0.584705437892124
-0.850388665664334
-0.454937653921724
-0.115573684685411
-1.75657041047637
2.80566573590067
1.70156094879205
0.335399693734772
-0.0301971234851939
-1.15092431291165
-5.92489578603314
-7.26635566791810
1.14689675272029
4.28481601559103
-5.15133464033004
0.440511218122619
1.58456988844500
1.58681603228796
0.761858576715124
2.05161809353421
1.81979284893433
2.53486075173660
1.38386803373484
0.000488181557070478
1.32913087498409
0.947848911378479
2.32682307546421
-1.23941981678976
0.497938252500416
-0.713010164395050
0.00973910226989640
-4.33912347686223
0.613696440551672
1.35506154205569
-2.65770767484110
1.11926891544003
-0.420251908460605
0.204887941996131
2.16135818466511
1.65778842111037
-0.449204459516637
-0.419616774197168
-0.904765617804180
-1.21835149635671
-1.20636542898922
0.0205692963768289
-0.152688591491482
0.105362890285432
0.285770396083597
-0.104137998370514
-0.106057463823306
0.00503477612916310
-12.7187562883205
3.87818626379329
0.382086576952513
1.03801468331805
-3.39521709947763
-0.823448748480876
-1.76035344779533
-1.20663640442723
3.07143209669540
-0.957284754969257
2.15615792900645
-0.000143728760442412
0.287056081019727
1.13466038674418
-0.799151788256966
-1.18165695777566
-1.15828804608954
-0.527177202653597
-0.648842502280348
-1.49528103227078
0.102810387326873
1.04056880866453
-2.06738110701360
0.0154255570580854
1.91056476595994
0.848449533967303
-2.07569865713481
-7.50206968879268
-7.68019932614450
1.62443714728998
7.70244022022262
6.67371863228797
-0.120865229418181
-0.134714344775808
-7.40877407716897
-0.462032202291407
1.30503218366311
1.37799569911375
-1.76236670771800
-0.317563273561842
-0.000205652128566410
-0.723059564257147
-0.00703168222203592
0.541182742026939
-0.564508691146575
-0.612014286241507
0.00477706724155298
-1.33849241616559
-1.57719026068915
-1.79296646633394
-1.75150815404363
-1.61558241312335
0.653595515388457
-0.358098751233552
-3.48847646862985
4.34910678507511
0.0129834446677317
-0.0612744914793277
0.484713294863063
0.332437087234828
-0.961549009931553
-0.335343915103035
-0.253132667385085
-0.0513389957375128
-0.375889497124355
-0.00294523182865135
-0.307552745198337
-0.560913804469563
-0.0840988338434603
0.459181461361181
0.472703700335707
-0.0194466969599111
1.39288124041209
-1.73220719967042
-1.26740920363863
2.31482307977495
-0.758602046691189
1.16848185403213
0.0102746452347615
0.996411509069203
0.994298700610893
-1.07882115591531
0.320037900576629
-1.55436561855726
-0.577511743449921
0.0461442324471813
0.0100413188911197
1.32292348304185
-0.856618504853685
0.00240846289038565
-1.19467587946461
0.358050598832569
3.81361705351850
8.60107661521433
8.60448405738187
1.12657821719559
0.216446410774295
-0.651197920446073
-0.767970671501075
-0.347737497309201
-0.695686748543017
-1.61336130071071
0.00819922403301252
-0.0205071305433393
2.89539313354388
0.0958595763578762
2.74232936732111
-1.83822760796113
0.00661961750958170
1.04196609696853
1.11712019256103
1.52641343594758
-1.60883880869445
-10.3753693798704
-0.601212767013172
0.0206748746892708
-6.95584670464720
-9.33493033835011
1.21607490433380
-3.73800442051998
2.07200401021113
-1.49122040406635
-0.864754220264560
-8.61278922469012
-8.62706783382035
1.72291654880196
1.70688609833390
-0.634800754636246
0.737884303753539
4.45498460705854
-2.63830404592555
-0.202238861589044
1.26124374324402
0.753018448300051
-1.59215772023303
2.31342989114187
1.22512320889489
0.0799397202539530
1.60621288178482
-0.00280436828508989
-1.41117901817884
1.34794607528454
0.435738831409339
1.20512719426216
2.22079449925439
-0.0628312977749930
-0.674176377707341
3.00294822738431
2.98095631326031
-3.50065910363295
2.81329660188880
3.07294834038674
0.478385366759976
0.927794924482566
1.49858523386743
2.55314658466378
2.56587973210157
2.26489177170780
1.60225312210364
1.89591598948497
3.39204395984368
4.05686657607692
2.68404799740448
2.20051026508636
2.22646988616334
0.925936818714442
0.824187563578479
0.298124783838288
1.37682203116665
1.40193580522410
1.09452614535917
2.82886459563061
3.11826102092384
3.04481279165487
2.68975436577593
2.71724793033196
-0.00288380842385884
1.49805366222080
4.20489642291211
4.09911286227989
4.58346477879019
4.72921278750777
3.27441686931037
1.27452748036516
2.20911618067568
4.02764414622666
2.01183752914056
2.80415934573426
2.88279423912047
2.00178079424668
1.39384202049848
3.22222282263980
2.11727208173948
2.02385635092604
4.66128758153817
4.71824927129878
3.27800328904531
3.45957088910948
1.94364919446304
1.81608134653847
3.59052057074266
4.56121763692293
4.57771477439467
4.89307030290059
3.73479390788277
2.92672354954716
-0.284581414008117
-0.295058465606993
1.00843466521332
0.988325896386184
1.76982265875838
3.53695529492644
4.32084927582460
2.22362733901681
-1.47706248553857
4.60499444478498
-1.17866710042678
1.17160926839683
1.14510350533213
3.73227271938469
3.81254612219804
3.83781679004045
1.88148648401331
1.83617106214906
4.09507273219912
1.76819985364919
1.80696203140206
0.357438074223420
2.95368379481796
2.63899665163691
1.79766556028990
4.81343706916720
2.99288866687295
3.23661856836154
4.70600681342683
4.85299164258073
-3.71216147375221
1.51875195899657
2.33697475564688
3.36246104244766
2.86154925345689
2.61067431945770
2.52358686137112
2.39284214773035
2.99204608636544
3.94392586162223
4.00062966620884
3.56235158235453
4.03620824034931
3.98488823919351
2.89961871518865
2.91373511309058
2.92790058738937
3.14809831401717
1.58155609506823
4.54496203943887
4.97262034095346
3.36000544474497
3.45977994028529
5.58484276709145
4.13929663161904
4.08393597419720
1.65678620724225
1.64622145430951
1.71725760567830
1.80819865739688
1.86007280108661
-0.484110689767781
3.36712817350316
1.90828614625028
3.11991655532869
4.07706745261642
1.91014408188869
1.49272442756125
1.59633391274113
5.89050487767822
1.33708919481145
3.13631160493069
3.14568440388778
2.47382812176920
2.55689788101479
3.63126570190029
4.02457664445151
3.65857793871422
1.93041418130074
1.89990887677084
-8.39979120997297
-8.41836069800465
-8.39779260386392
-0.00730596750639634
0.0120331491717458
0.00183385150134377
2.47655469126654
2.46060648144281
2.55083522775959
2.56672477245956
2.65745839763968
2.82188000359504
4.25456380566050
4.18020483696255
1.75379734278634
4.73798497470667
0.00724627379888854
2.55300867974917
1.26061665981328
4.15270140985575
4.07478295741150
4.00849443315065
4.15284696830861
3.75647097417396
2.46831394815875
1.97332906896285
1.75316623264736
1.34134540761305
2.84972772204106
3.12398453803634
3.21912695744020
3.40157979258710