1 1 4
9 1 -16.90045631
11 1 -4.483500717
18 1 4.483500717
2 2 14
9 2 33.37432577
10 2 -5.051270395
11 2 -5.751092708
19 2 5.751092708
20 2 5.671506352
30 2 10
31 2 30
9 3 -5.051270395
10 3 10.89819783
21 3 5.84692744
33 3 1
9 4 -5.671506352
10 4 -5.84692744
11 4 -23.74732843
20 4 -5.671506352
21 4 -5.84692744
27 4 4.88951266
9 5 -5.751092708
11 5 38.23936719
12 5 -4.257445335
18 5 -4.483500717
19 5 -5.751092708
26 5 4.257445335
3 6 1
11 6 -4.257445335
12 6 20.87061322
14 6 -5.027652086
15 6 -3.909151323
16 6 -7.676364474
24 6 3.909151323
26 6 -4.257445335
4 7 1
13 7 -5.676979847
27 7 -4.88951266
28 7 5.676979847
29 7 9.09008272
5 8 1
13 8 5.676979847
28 8 -5.676979847
17 9 -3.69849841
22 9 3.69849841
29 9 -9.09008272
14 10 -5.206435154
23 10 5.206435154
12 11 -5.027652086
14 11 10.23408724
23 11 -5.206435154
6 12 1
12 12 -3.909151323
15 12 8.912153124
16 12 -5.003001801
24 12 -3.909151323
7 13 1
12 13 -7.676364474
15 13 -5.003001801
16 13 15.55276436
17 13 -2.873398081
25 13 2.873398081
8 14 1
16 14 -2.873398081
17 14 6.57189649
22 14 -3.69849841
25 14 -2.873398081
32 14 6
