3660 1
-0.288
-0.07774
-0.2979
-0.2574
-0.2579
-0.2422
-0.2358
-0.1204
-0.1718
0.2136
-0.1387
-0.0956
0.09558
-0.07127
-0.07996
-0.2219
-0.3382
-0.1615
-0.3144
-0.118
-0.2531
-0.2179
-0.1004
-0.1985
-0.4445
-0.1594
-0.6301
-0.07971
-0.298
-0.2846
-0.07695
-0.3773
0.03067
0.003574
-0.2188
0.09581
-0.08689
-0.004773
-0.4286
-0.276
-0.1531
-0.3727
-0.2526
-0.1465
-0.1632
-0.01282
-0.06659
-0.1617
-0.212
-0.1803
0.1803
0.02795
-0.1217
-0.3347
-0.335
-0.4263
0.07473
-0.3396
-0.4007
-0.3115
-0.3237
-0.2129
-0.08927
0.01922
-0.2307
-0.08675
-0.07895
0.1441
0.02338
0.1068
-0.2662
-0.1627
-0.4819
-0.2287
-0.1541
-0.1549
-0.2421
-0.2774
-0.2631
-0.08685
0.2382
-0.3241
-0.4553
-0.2291
-0.09957
-0.2419
-0.1411
-0.11
0.06731
-0.0765
-0.03084
-0.2515
-0.03159
-0.1377
0.02997
-0.01283
-0.2669
-0.2103
-0.239
0.03563
-0.2663
-0.511
-0.3231
0.07919
-0.4513
-0.1322
-0.1331
-0.2114
-0.274
-0.05695
-0.07127
-0.1506
-0.03157
-0.2205
-0.1275
-0.3805
-0.2919
-0.4819
-0.1377
-0.07176
-0.1002
-0.3293
-0.1107
-0.2694
-0.1602
-0.1106
-0.1293
-0.2578
-0.1376
-0.2821
-0.08677
-0.332
-0.1247
-0.1503
-0.2841
-0.2825
-0.1531
-0.2279
-0.08203
-0.338
-0.08441
0.1059
-0.07012
0.0261
-0.2462
-0.3237
-0.06411
-0.3386
0.1986
-0.2425
-0.0823
-0.05346
-0.1665
-0.4811
-0.304
0.06623
-0.4038
-0.0806
-0.3472
0.1472
-0.08705
-0.06025
-0.2649
-0.2593
-0.08231
-0.1108
-0.3389
-0.3815
-0.1204
-0.2056
0.1068
0.1974
-0.08958
-0.2582
-0.3232
-0.06939
-0.7568
-0.3379
-0.4553
-0.2549
-0.2282
-0.248
-0.3201
0.1586
0.04663
-0.2578
-0.1432
-0.1101
-0.5005
-0.1734
-0.1919
-0.09713
-0.02217
-0.06395
-0.277
-0.1131
-0.124
0.04684
-0.3933
-0.1156
-0.3875
-0.08205
-0.05775
-0.1915
-0.2649
0.06835
-0.2114
-0.7252
-0.3387
-0.3089
-0.01512
-0.1295
-0.2578
-0.1063
-0.08814
-0.3002
-0.2463
0.1999
-0.3105
-0.2652
-0.2079
-0.09681
-0.4509
-0.2578
-0.3146
-0.0973
-0.1242
-0.08073
0.06835
-0.1024
-0.1437
-0.1987
0.04323
0.0969
-0.08903
-0.1663
-0.1396
-0.1786
-0.2016
-0.2056
-0.06779
-0.2644
-0.2864
-0.2463
-0.3525
-0.05908
-0.05118
-0.3124
0.04983
-0.2754
0.1438
-0.2183
-0.07073
-0.08234
-0.198
-0.1343
0.01594
-0.2771
0.1077
-0.3784
-0.1884
-0.4919
-0.3386
-0.448
0.006743
-0.1333
-0.03585
-0.3104
-0.01917
-0.1551
-0.019
0.06043
-0.04344
-0.07396
-0.1281
-0.3248
-0.299
-0.335
-0.2433
-0.1013
-0.2086
-0.3574
-0.3587
-0.1076
-0.165
-0.3407
-0.08902
-0.2536
-0.1135
-0.08494
-0.2767
-0.164
0.1069
-0.177
-0.09956
-0.07501
0.01549
-0.2596
-0.1846
0.2041
-0.06429
-0.1236
-0.07451
0.2077
-0.2265
-0.1833
-0.1357
-0.1661
-0.07591
-0.2332
-0.215
0.09582
-0.332
-0.1866
0.03266
-0.2619
-0.2525
0.1759
-0.1557
-0.2505
-0.246
-0.06242
-0.1668
0.04648
-0.1747
0.09418
0.05207
-0.451
-0.08233
-0.2698
-0.2301
-0.4923
-0.4677
-0.3398
-0.1506
-0.2578
-0.09915
-0.2312
-0.3089
0.09609
-0.2502
-0.2114
-0.2334
-0.2704
-0.3226
-0.3145
-0.2395
-0.2718
-0.1277
-0.3366
-0.108
-0.2619
-0.2868
-0.38
-0.3112
-0.2477
0.1111
0.04071
-0.1144
-0.304
-0.287
-0.1658
-0.1039
-0.3406
0.09519
-0.1447
-0.4461
0.0954
-0.1353
-0.1552
-0.204
-0.1027
-0.06844
-0.2525
-0.2204
-0.2285
-0.246
-0.4554
-0.2306
0.01501
-0.3215
-0.3371
-0.03574
0.07007
0
-0.1792
-0.2638
-0.1868
-0.03717
-0.2435
-0.1391
-0.1626
-0.2477
-0.4038
-0.4711
-0.3522
-0.3407
-0.2397
-0.3218
-0.1277
-0.03078
0.2052
-0.1896
-0.4345
0.1211
-0.6274
-0.1618
-0.1259
-0.09047
-0.2071
-0.0803
-0.1115
-0.1769
-0.3544
-0.2394
0.06084
-0.3366
-0.5019
-0.1394
-0.07314
0.01469
-0.1432
-0.1029
-0.2934
-0.05696
-0.1105
-0.5668
-0.103
-0.2753
-0.2649
-0.5002
-0.1523
-0.5871
0.1022
-0.2018
-0.177
-0.1613
-0.03289
-0.2165
-0.192
-0.06489
-0.3526
-0.08763
-0.1386
0.07608
-0.4271
-0.1555
-0.3386
-0.1985
-0.4955
-0.0662
0.01914
-0.01035
-0.17
-0.08205
-0.2412
-0.31
-0.06436
-0.188
-0.6714
-0.149
-0.2507
-0.3863
-0.2967
-0.3108
-0.1366
-0.2175
-0.1932
-0.09515
-0.2512
-0.1564
-0.2981
-0.1909
-0.3352
-0.102
-0.4139
-0.1277
-0.2374
-0.3119
-0.1402
0.09833
-0.206
-0.3073
-0.3624
-0.2681
-0.2649
-0.2989
-0.07942
0.09581
-0.4038
-0.2951
-0.4523
0.05381
-0.3218
-0.05783
-0.6743
-0.3665
-0.06702
0.04437
-0.4023
-0.3573
-0.304
0.09057
-0.448
-0.1153
-0.03511
-0.2362
-0.1303
-0.08443
-0.721
-0.2729
-0.2094
-0.1579
0.2296
-0.1601
-0.06623
-0.2337
-0.2868
-0.1672
0.039
-0.721
-0.3516
-0.1812
-0.1651
-0.5036
-0.04997
-0.02069
-0.2217
-0.2937
-0.2231
-0.2574
-0.1995
-0.3142
0.03654
-0.09666
-0.1206
-0.3367
-0.4673
-0.5537
-0.3359
-0.2219
-0.1761
-0.3252
-0.3317
-0.2917
-0.07943
-0.232
-0.001572
-0.2444
0.07572
-0.3844
-0.1749
-0.08276
-0.03494
0.05594
-0.3584
0.06335
-0.2552
-0.6394
-0.3154
-0.08257
-0.242
-0.1698
0.08567
-0.08232
-0.3318
-0.1834
0.02504
0.1069
-0.1664
-0.2487
-0.1687
0.03339
-0.2968
-0.2939
0.1191
-0.3258
-0.2577
-0.08869
-0.1479
-0.1301
-0.3916
0.04433
-0.03176
-0.204
-0.156
-0.428
-0.5871
-0.1272
-0.1065
0.06077
-0.2265
-0.2615
-0.2921
0.08317
-0.3373
-0.2381
-0.4224
-0.1388
-0.2506
-0.1022
0.06069
-0.09522
-0.1909
-0.09038
-0.2459
-0.3479
-0.25
-0.1025
-0.2784
0.1269
-0.1909
-0.4673
0.05716
-0.08618
-0.2963
-0.1466
-0.07591
-0.4738
-0.06371
0.003022
0.02787
0.1211
-0.08845
-0.06461
-0.1013
-0.1778
-0.2136
-0.1969
0.105
-0.2371
-0.2973
-0.1587
-0.2516
-0.2846
-0.217
-0.1279
-0.2825
-0.1774
 0
-0.239
-0.1378
-0.216
-0.304
-0.1391
-0.1757
-0.05902
-0.211
-0.1424
-0.1441
-0.08441
-0.05229
-0.3769
-0.1627
-0.2368
-0.09069
-0.2179
-0.2714
-0.04422
-0.2215
0.0638
-0.1664
-0.1975
-0.1658
-0.09598
-0.6703
-0.3409
-0.394
0.2535
-0.1544
-0.1022
-0.304
0.1485
-0.1809
-0.08205
-0.01247
-0.3393
-0.2292
-0.382
-0.1518
-0.1724
-0.01492
-0.009854
-0.1748
-0.2875
-0.1325
-0.07314
-0.2373
-0.2265
0.06084
-0.161
0.2143
-0.171
-0.1982
-0.1909
-0.2826
-0.2424
0.08427
-0.3324
-0.04996
-0.2261
-0.2071
-0.228
-0.07422
-0.1375
-0.4218
-0.1693
-0.05552
-0.3173
-0.03128
-0.2314
-0.05812
-0.3309
-0.3109
-0.1522
-0.2059
-0.3405
-0.7253
-0.3413
-0.3369
-0.2922
-0.0457
0.04642
-0.2949
-0.1615
-0.7195
-0.1232
0.01483
-0.2054
0.05995
-0.001703
-0.1251
-0.3124
-0.09957
-0.2462
-0.2568
-0.128
-0.188
-0.352
0.06043
-0.1871
-0.3364
-0.2848
-0.2639
-0.1957
-0.2899
-0.2412
-0.4625
-0.1151
-0.1086
-0.08498
-0.1531
-0.3134
-0.249
-0.4696
-0.755
0.1838
0.01787
-0.2601
0.03461
-0.0378
0.05826
-0.3363
-0.4548
-0.2669
-0.2739
-0.1492
0.2016
-0.5155
-0.1601
-0.5176
-0.35
-0.3241
0.06014
0.1661
-0.2243
-0.2861
-0.2769
0.002188
-0.07592
-0.1484
-0.2154
-0.3082
-0.193
-0.06763
-0.3324
0.06012
-0.2637
-0.07204
0.03888
0.1494
0.1803
-0.2834
-0.1549
-0.1799
-0.1108
-0.2375
0.08175
-0.3041
-0.3549
-0.0433
-0.1642
-0.2424
-0.2294
-0.4785
-0.1108
-0.1001
-0.09727
-0.3085
-0.1861
-0.05774
-0.1568
-0.2222
-0.3226
-0.05792
-0.2411
-0.1583
-0.4125
-0.4808
-0.3453
-0.2804
-0.439
-0.4877
-0.1534
-0.2349
-0.04544
-0.2111
-0.3285
-0.3717
0.00459
-0.2489
-0.1371
-0.1165
-0.1585
-0.1299
-0.5839
-0.1913
-0.3973
-0.8217
-0.1948
-0.2516
-0.2258
-0.5702
-0.258
-0.4407
-0.5236
-0.3251
-0.07101
-0.0861
-0.2403
-0.19
-0.2473
-0.4323
-0.132
-0.0242
0.01937
-0.4294
-0.1769
-0.3312
-0.4609
-0.1384
-0.3757
-0.4271
-0.2271
-0.1585
-0.09423
-0.5123
-0.3173
-0.428
-0.5641
-0.06446
-0.2111
-0.01949
-0.07589
-0.4595
-0.4264
-0.09822
-0.08649
-0.3932
-0.2884
-0.1097
-0.3846
-0.8737
-0.3779
-0.2847
-0.2478
-0.1287
-0.4593
-0.4869
-0.2008
-0.3659
-0.4249
-0.3808
-0.2763
-0.4689
-0.2085
-0.1528
-0.2901
-0.28
-0.4321
-0.439
-0.2485
-0.5111
-0.4251
0.007465
-0.03884
-0.2278
-0.2301
0.04305
-0.2533
-0.5671
-0.335
-0.2993
-0.7953
-0.1296
-0.3846
-0.01456
-0.4493
-0.193
-0.2771
-0.1074
-0.3148
-0.1835
-0.326
-0.4206
-0.01998
-0.2117
-0.3226
0.04306
-0.4498
-0.2755
-0.2561
-0.2824
-0.2283
-0.1497
-0.2767
-0.4509
-0.4203
-0.4387
-0.2487
-0.5198
-0.455
-0.1732
-0.5062
-0.3051
-0.26
-0.4137
-0.1725
0.1319
-0.1363
-0.04585
-0.3174
-0.3749
-0.08216
-0.04756
0.1313
-0.4275
-0.433
-0.4016
-0.2608
-0.05609
-0.447
-0.2704
-0.5258
-0.3822
-0.2333
-0.1687
-0.199
0.1122
-0.3226
-0.5663
-0.2156
-0.4577
-0.1161
-0.06905
-0.1367
-0.1933
-0.1855
-0.1912
-0.371
-0.4062
-0.2254
-0.1139
-0.298
-0.2674
-0.148
-0.2234
-0.3973
0.01056
-0.1149
-0.1525
-0.5253
-0.2639
0.04195
-0.2024
-0.1259
-0.3129
-0.7233
-0.3059
-0.2494
-0.3846
-0.2815
-0.2122
-0.1783
-0.0531
-0.2157
-0.4378
-0.1864
-0.28
-0.216
-0.1496
-0.06343
-0.2008
-0.06603
-0.3977
-0.07206
-0.4268
-0.4186
-0.1398
-0.5314
-0.4613
-0.6958
-0.1174
-0.3456
-0.3728
-0.3305
-0.7269
-0.4895
-0.338
-0.4552
0.07877
-0.2589
-0.3592
-0.4367
-0.2671
-0.4407
0.01252
-0.3007
-0.4911
-0.5931
-0.1489
-0.4568
-0.2595
0.02084
-0.1673
-0.1991
-0.2674
-0.2336
-0.2444
-0.106
-0.2289
-0.3529
-0.001073
-0.2087
-0.1159
0.0426
-0.2042
-0.3932
-0.1769
-0.3226
0.011
-0.4273
-0.1469
-0.4596
-0.4037
-0.4539
-0.2214
-0.402
-0.2041
-0.3688
-0.2481
-0.1928
-0.2759
-0.3605
-0.6436
-0.4251
0.07848
-0.816
-0.4596
-0.3226
-0.1127
-0.2777
-0.1037
-0.4526
-0.1716
-0.1541
-0.264
-0.2565
-0.1813
-0.171
-0.483
-0.09758
-0.4432
-0.2738
-0.3422
-0.2169
-0.1724
-0.185
-0.3728
-0.1779
-0.187
-0.2151
0.1445
-0.2567
-0.4156
0.02117
-0.2557
-0.2769
-0.2424
-0.3548
-0.05947
-0.2775
-0.4599
-0.2135
-0.3713
-0.1928
-0.0794
-0.2352
-0.2255
-0.3566
-0.2872
-0.1391
-0.4118
-0.05459
-0.5949
-0.367
-0.1395
-0.4603
-0.1914
-0.2574
-0.4234
-0.3868
-0.2639
-0.2225
-0.2467
-0.1509
-0.1993
-0.119
-0.477
-0.2446
-0.3731
-0.2639
-0.04922
-0.1395
-0.3739
-0.3129
-0.6759
-0.1559
0.07847
0.01224
-0.2199
-0.6148
-0.4546
-0.2348
-0.1337
0.01669
-0.1784
-0.141
-0.1488
-0.1683
-0.184
-0.4422
-0.2052
-0.2796
-0.2063
-0.2099
-0.1303
-0.2027
-0.148
-0.4501
-0.4516
-0.2598
-0.2433
-0.2852
-0.1624
-0.2108
-0.285
-0.2199
-0.4774
-0.4002
-0.2253
-0.5216
-0.4258
-0.4241
-0.01476
-0.1687
-0.4326
-0.01457
-0.005306
-0.1685
-0.0288
-0.1666
-0.229
-0.3202
-0.385
-0.419
-0.2512
-0.3799
-0.0827
-0.5487
-0.2213
-0.04272
-0.5533
-0.2685
0.07436
-0.199
-0.4215
0.01007
-0.2609
-0.808
-0.4065
-0.5945
-0.6475
-0.1652
-0.3679
-0.06061
-0.4325
-0.4237
-0.1057
-0.29
-0.4215
-0.2338
-0.1381
-0.1943
-0.3456
-0.198
-0.07785
-0.05405
0.04214
-0.2501
-0.4037
-0.02808
-0.4815
-0.4391
-0.0007208
-0.4042
-0.4205
-0.1363
-0.2198
-0.3822
-0.4381
-0.03945
-0.2851
-0.04958
-0.249
-0.434
-0.3851
-0.2487
-0.1199
-0.04269
-0.1375
-0.09574
-0.4245
-0.06806
-0.2527
-0.04964
-0.4476
-0.2221
-0.2202
-0.6086
-0.4508
-0.3748
-0.1592
-0.01257
-0.216
-0.2441
-0.4267
-0.01634
-0.1057
-0.1377
-0.1048
-0.109
-0.2087
-0.3813
-0.3214
-0.1993
-0.04214
-0.2188
0.002974
-0.3685
-0.261
-0.3684
-0.3369
-0.3414
-0.733
-0.3864
-0.1003
-0.4037
-0.03729
-0.0777
-0.1962
-0.1509
-0.4395
-0.1687
-0.009767
-0.06062
-0.5371
-0.3167
-0.1074
-0.2043
-0.4164
-0.1343
-0.207
-0.06777
-0.2257
-0.1169
-0.1602
-0.2157
-0.4387
-0.3595
-0.155
-0.1482
-0.4598
-0.367
-0.3413
-0.1054
-0.3766
-0.1473
-0.2665
-0.1138
-0.3654
-0.1785
-0.4237
-0.2663
-0.2964
0.0111
-0.04845
-0.3679
-0.7754
-0.2773
-0.3603
-0.397
-0.1993
-0.3588
-0.3242
-0.2316
-0.1838
-0.4019
0.01908
-0.1166
-0.4307
-0.4605
-0.4299
-0.4746
0.02704
-0.3775
0.01007
-0.5362
-0.2304
-0.3641
-0.1652
-0.4367
-0.1549
-0.1655
-1.506
-1.714
-1.356
0.01605
0.001005
-3.646
8.586
-0.3832
-0.3148
0.6682
-1.487
-0.9938
-0.00291
-0.7296
-0.3918
-3.214
-1.558
-1.575
-0.3005
-0.1293
-1.039
0.009373
-1.629
0.8371
-1.988
-1.093
-0.6797
-1.716
-0.7021
-0.01458
2.59
-2.737
-1.433
-0.001066
0.002043
-0.5748
-0.1642
0.02008
-0.5236
-2.688
-0.6649
0.005602
0.3843
3.797
-0.7174
-0.4792
0.0112
-2.328
0.3768
0.001559
-1.333
0.008832
-4.005
-0.7015
1.98
1.167
0.002788
-1.521
-3.437
0.1683
0.006882
0.583
-0.8837
-1.234
0.008571
-0.00316
0.003448
0.59
8.549
-1.094
-1.095
17.03
0.003713
-0.8219
-6.305
0.004618
-0.3402
-0.6276
-0.002942
-0.6751
-0.01149
-0.8967
12.21
0.9299
1.704
-0.4503
0.04444
-0.3448
-0.3258
8.28
0.01043
-0.005061
0.01154
-2.768
0.9243
-0.5511
8.371
-0.01003
0.5785
0.01662
-1.247
-0.0004039
-1.889
-0.1611
-0.01864
0.006088
-0.1266
-0.6562
-1.109
0.002863
-0.883
-1.998
-0.6881
-0.3259
-0.00635
-1.121
-0.01532
-0.01498
15.06
-0.002987
-3.485
8.366
-0.006319
-0.52
-4.797
0.005264
-0.385
-0.0001452
0.6632
-0.01219
-2.449
0.02883
-0.3915
-1.442
-0.3062
-0.005729
-0.1213
-1.438
-0.009751
-1.01
0.0009152
0.4956
0.1211
-0.01275
-0.8047
0.009191
-0.01925
-0.3442
-0.7363
-1.248
-0.4204
-0.01734
-0.0007559
-0.01397
-0.7644
-1.558
-0.694
0.01785
0.005085
-0.2901
-0.7283
0.5137
-0.00392
-0.7444
-0.9658
0.2872
12.51
-0.8494
-0.6264
8.614
-0.2433
0.004881
0.007939
-0.006853
-0.005557
0.005826
12.51
0.01355
-0.00524
0.01153
0.005723
-0.01963
0.1479
-2.093
-0.1218
-0.006515
5.727
0.001112
-0.009393
-1.913
-0.002267
0.3094
-2.095
0.002063
-0.2514
-0.4184
-0.7221
-0.01631
-0.02784
8.552
-0.1511
-0.03524
8.347
-0.007858
-1.187
-0.9967
-0.7835
-1.211
-1.997
0.04616
-0.01567
0.005758
-0.6182
-1.206
-0.005672
-0.545
0.0126
-0.002292
-0.01837
-0.9909
0.3769
-2.083
-1.72
1.121
0.009836
-0.8981
-0.3786
-1.148
-0.00146
-1.026
-0.9572
0.765
-2.141
-0.1408
-0.3768
-0.01355
-1.011
-0.2092
0.009376
-1.001
-0.444
-0.005398
-2.904
-0.01124
13.68
-0.329
-1.317
-0.00999
0.01751
0.3352
2.88
-1.153
0.04219
0.5638
-1.592
-0.6318
-2.555
-0.1387
0.002839
-0.01903
-2.069
-0.004532
-0.0217
-0.1615
-1.514
0.7768
0.005998
-0.3482
0.01537
-0.8615
0.2965
0.01844
-0.9308
-0.00395
-0.2337
0.8015
0.3086
-0.4063
-4.53
0.0194
-0.3839
0.0105
0.0512
-0.3033
0.1017
0.628
-0.5618
0.2275
-0.003972
-0.01172
-0.1934
0.000211
0.5238
-2.308
0.01382
-1.036
-1.611
-0.00406
-0.9692
-0.01244
0.4778
0.003983
-0.02812
1.636
-0.02131
-0.7282
-1.479
8.546
-0.2888
0.002148
-0.8999
0.00194
-0.9482
-0.3149
-0.008871
-5.677
-0.6478
0.01558
-2.413
0.8648
-1.36
0.0004705
-8.618
-1.271
-0.07572
-1.075
-0.7803
-2.518
0.04126
-1.323
-0.01239
-0.2057
-0.831
0.01801
-0.3271
8.626
-0.2747
8.851e-05
-0.01091
0.01597
-0.851
0.5655
0.1798
0.4674
-0.7744
-0.227
0.0043
0.5356
-1.251
5.232
-0.4352
-0.79
-1.578
0.006936
-1.012
-0.5621
-3.69
-0.9925
-1.403
-1.81
8.295
-0.008588
-0.003336
-0.009887
0.009674
0.006064
-0.1932
0.1456
0.3789
5.402
-0.3159
0.01012
0.004931
0.2819
-1.253
-1.525
-0.2522
-0.4192
-1.31
8.6
-0.2748
-0.8068
-1.548
0.00354
-0.7646
-1.814
-0.417
0.00607
8.552
-0.8314
-1.624
-0.1828
0.004355
-1.981
-1.654
2.577
-1.3
-0.4481
8.368
-1.582
0.3807
-0.01325
-0.0005094
-2.021
8.554
0.2761
0.00363
0.00286
-0.009944
-0.2058
0.1198
-0.8834
-1.028
-0.4804
-0.2692
-0.01204
-0.1923
0.01446
-1.324
-1.479
-0.3608
-0.2404
-1.11
-0.007954
-1.715
0.8859
-0.01687
-2.663
-0.009387
0.005826
3.681
-0.7889
-0.1111
0.4244
-0.3781
0.6594
-0.008347
-0.116
-3.09
-0.001033
-0.877
0.004265
-2.015
0.03301
-0.08302
-0.05713
0.009971
9.475
-0.006339
-0.005367
-0.2536
-0.4799
-0.7062
-0.8283
-0.003232
-1.337
-3.071
0.5788
0.001723
-2.352
-0.911
-0.4527
8.624
0.003394
0.003647
8.6
0.3532
-0.6928
0.0009718
-0.9639
-1.728
-0.9351
0.006559
0.01752
-0.4658
-0.00131
-0.002691
-1.186
-1.276
-0.3097
-0.113
0.02434
-0.006695
-0.4369
-0.9106
-0.8023
-1.229
-0.4796
-1.1
0.9222
-1.953
0.005863
-0.04345
-0.03911
-0.008235
-0.9264
-0.005574
-0.3379
8.616
-0.707
-0.2549
8.542
0.09919
-1.714
-1.296
0.897
0.291
0.01056
-0.758
-0.4937
0.004713
-3.116
-1.08
-1.835
-0.1381
-0.004768
-0.8701
-0.174
-0.01603
-1.35
5.43
-0.299
-0.6849
0.007454
-0.3826
-0.5307
0.7509
-0.005492
-0.1677
-0.003197
0.001221
-2.474
0.003453
-0.9051
0.02386
0.0001063
-0.1606
-0.5502
0.003658
-0.001949
-2.924
-1.595
-0.6445
-0.007058
-1.518
0.1967
12.49
-0.007694
-1.604
-0.001162
-2.42
0.008012
-0.3414
0.00334
-3.483
-0.5688
-1.386
-0.003997
0.1582
0.4207
13.69
0.578
8.607
34.24
-0.004549
-1.677e-05
-2.353
-0.005868
1.704
0.2158
-0.02567
0.5542
-0.0134
-0.001935
-0.9961
-0.009763
0.002839
-1.012
-2.254
-0.01255
-0.003933
-0.9788
1.287
-1.261
-0.5159
-1.955
-1.433
8.356
-1.832
-3.384
-1.411
0.01448
-0.007092
-0.002286
11.03
-0.001362
-0.0186
-2.437
0.009474
3.067
-0.1346
-1.864
-0.7353
-0.001067
0.001946
-0.7023
-2.061
12.21
-0.2471
-0.8944
-1.035
-0.4458
-2.202
0.005856
-0.6119
0.9388
0.234
-0.8871
0.0212
0.04973
-0.1551
-0.004216
-2.317
-0.4901
-17.71
-1.633
-1.282
-0.04524
-0.49
0.5402
-0.0009046
0.009815
-0.492
0.4915
0.9579
-0.001477
0.2188
-1.445
-0.004016
-0.2827
-0.7641
-0.6881
-0.1197
-0.8174
-0.001335
0.002678
7.169
0.01274
-1.41
-0.3286
-0.5179
2.284
-1.204
-2.034
-0.01289
-0.4057
0.01422
0.001954
-0.6319
-1.35
-0.01057
-0.6207
-3.876
0.2435
-0.000759
-0.3715
0.01662
-0.429
-0.09813
-3.087
0.02218
0.01408
-0.003975
0.0067
-0.002659
0.04572
0.003962
0.01002
0.1606
0.1692
-0.602
-0.5717
-0.4849
-0.979
0.001263
1.018
-0.4224
-3.445
24.62
0.01274
0.005745
-1.342
-1.777
0.004789
0.3671
-1.143
-1.242
0.0164
2.279
-0.5751
0.3984
-0.1447
0.005904
-0.001117
-0.5169
-2.264
0.01291
-2.221
-3.391
-1.198
-1.123
4.482
-2.591
-1.44
0.006958
-0.4505
-0.003308
0.6548
-1.493
0.01491
-0.317
-2.231
-0.08095
-0.002755
8.607
0.002433
0.009873
9.525e-05
0.01655
12.5
-0.1788
0.07447
-1.451
0.01674
-0.08441
-3.927
-0.3978
-0.5396
0.01197
-0.002845
-0.005429
0.007943
0.5178
-0.001307
-1.679
-0.6215
-0.008078
-0.02234
0.005792
0.01002
-1.068
-0.005668
-0.6474
-0.1817
-1.23
-1.968
-2.02
0.196
-1.147
0.7864
-0.4657
0.004576
0.7393
0.009264
-0.9806
7.023
5.058
-0.003006
-0.002395
-0.01088
-0.3994
-3.462
-0.008888
0.01144
0.002017
0.009299
-0.3267
-0.7748
0.01426
-0.6901
-0.3307
-0.3772
0.1641
-0.6636
-0.00906
0.01181
-5.237
-0.7917
-2.255
-1.515
12.21
-1.517
-0.009645
-1.696
0.2036
0.007263
0.01097
-1.42
-1.632
-3.384
-3.473
13.68
0.007587
-0.5459
-0.1826
-1.128
-0.5193
0.0143
-2.386
0.04612
-0.01097
-0.1232
0.006221
0.01297
-0.01222
-0.2748
-0.6933
-1.278
9.933
-0.8805
0.001626
-0.01864
-2.921
-0.004529
0.01082
-0.8504
-0.5911
0.6692
0.1763
-1.958
-0.3825
-0.3922
2.014
0.006574
-1.139
-0.1393
-0.001994
-0.00592
-0.07764
17.01
-0.8243
0.0183
-1.27
-0.7812
-0.009321
0.01353
0.00786
-0.3876
-3.812
-2.853
5.179
0.005345
-2.162
-1.347
0.001297
-0.01245
0.7991
-0.4513
-2.363
-0.3885
-0.3918
0.3309
-0.7378
-0.8764
-0.6474
-1.748
-1.357
-0.00665
-0.3127
-1.626
-0.4356
-0.05704
-0.752
-2.558
-0.3803
-0.4476
-1.832
-1.019
12.32
-0.002489
-0.6579
-2.796
2.327
-0.007195
-1.456
-0.002858
1.672
-0.2064
-3.021
-2.02
-1.005
0.4331
-0.9243
-0.2051
-4.112
-0.6238
12.32
-2.86
0.009503
-0.007591
0.001717
-0.02628
-2.783
0.1705
-1.399
0.01178
-2.546
-0.6305
-0.8993
-0.003148
0.7911
-0.4213
-1.184
-0.7155
-1.548
-0.7518
3.696
0.001221
-2.39
0.003627
-0.004148
-0.01733
-2.464
0.4324
0.004111
-0.5401
-0.09134
-0.6587
-3.31
-0.01306
-0.6613
0.00512
0.04384
-0.6231
-0.2633
-2.258
2.244
0.4932
0.5275
0.4991
0.1479
-0.006991
-1.664
1.709
-9.748
2.035
-0.1704
-8.374
0.9429
0.356
1.073
1.044
0.4448
-0.7293
-0.8404
1.166
-1.808
-1.424
0.004099
-0.0894
1.162
1.175
-1.382
0.4582
0.0775
-1.03
-0.9732
-0.9854
0.1428
-0.5408
-0.5415
0.1893
-1.039
-0.2171
0.5882
-1.463
2.209
0.01219
0.752
0.01365
-1.021
-0.7256
-1.366
1.357
-11.15
0.2479
0.198
0.2089
-0.4548
-0.4647
-5.082
-5.205
-6.986
-7.133
7.66
6.944
-0.03728
0.003475
0.009187
-2.218
-2.026
-1.45
-0.4036
0.7408
0.8347
0.3389
1.293
2.992
1.229
3.134
0.01101
-1.186
-0.2143
-0.2129
0.5934
0.07453
4.257
-7.75
1.696
0.3685
-0.2823
-0.014
-0.2951
0.4981
-0.9465
-0.003694
0.2796
-0.6515
-0.1482
0.6564
-0.7236
0.764
-0.5793
5.08
-3.684
-4.608
-6.748
-1.056
0.8455
-0.01333
1.692
2.08
1.016
0.9013
1.643
1.845
-1.299
0.4971
0.3194
0.1723
-2.651
7.11
7.258
8.575
8.44
-0.004326
-0.001718
0.8412
-0.5262
0.0137
-2.253
-2.2
0.4363
1.783
1.528
-1.099
-2.008
1.002
0.49
-2.17
-0.5672
-0.7475
-1.539
2.026
0.8629
-0.86
-0.1847
2.16
-0.004548
1.914
8.95
8.746
-9.858
0.2159
1.242
0.7524
-0.8786
0.4916
-0.5917
-12.51
-12.5
-4.711
7.829
8.904
3.731
-4.869
8.463
3.667
-0.3918
-0.003468
-2.42
-1.658
0.7887
-1.911
-0.6761
1.771
1.755
-2.167
-0.6356
-1.026
-3.404
-0.8535
0.1726
0.1709
2.919
1.133
0.8871
1.489
-0.421
-0.5964
-0.365
-3.731
-1.67
-0.6487
0.0004047
8.986
-11.6
-8.212
0.004904
-2.275
2.337
0.4177
1.79
1.813
0.0192
0.3457
3.318
2.3
0.01506
-0.07936
-0.003591
-1.477
-0.01781
5.902
6.922
-5.278
1.644
-1.611
0.9101
1.706
0.666
0.5503
-0.003228
1.076
0.7858
0.3372
2.896
-1.033
1.978
-2.256
-0.4552
-1.52
0.4378
-0.7048
0.9722
0.001436
0.006305
-0.00951
0.2325
-0.8178
-0.3103
-2.625
-3.317
1.716
-0.2052
1.611
2.986
2.823
7.695
7.48
6.75
1.011
-1.954
0.5985
-0.2982
0.1178
-1.033
2.108
-0.6335
-0.6952
1.126
-0.06877
-0.01785
0.8299
0.265
-0.3337
-0.3728
0.9304
0.277
0.2784
0.2764
0.264
-0.0487
8.29
0.007804
-0.6281
-0.6675
1.278
0.3394
-1.038
-1.259
-2.914
3.403
0.1611
0.3361
-0.005678
-0.3426
-0.5363
-1.335
-1.137
0.4903
0.382
-2.496
-0.6391
-1.299
0.5534
0.01323
-0.003514
-0.005022
-1.455
-1.393
2.393
0.4819
-0.6821
-1.13
0.4476
-0.4306
-1.257
-0.007885
-0.0004978
-0.3463
-7.573
-9
3.159
0.8082
-4.556
4.576
-1.129
-0.1494
-0.0148
0.6431
-0.4732
-1.211
12.22
12.21
12.2
12.2
0.6262
-1.52
-1.091
-0.3926
-1.08
-0.4004
0.8474
0.008313
-2.925
1.869
1.658
1.737
4.365
3.855
1.288
1.536
2.519
-1.223
-0.8079
-0.8125
2.058
-0.2461
0.2168
-0.5601
5.393
-3.309
4.621
3.967
-1.691
-2
-3.272
-3.364
0.517
0.5938
-0.808
0.6994
-1.597
-1.611
3.052
-6.296
-7.264
4.928
-0.744
-0.2397
1.467
-0.463
-1.547
-1.586
1.445
-4.152
-1.218
-0.3161
1.326
1.635
-1.521
0.00473
0.4498
2.134
0.4105
0.01887
0.00444
-5.569
0.7794
-4.234
4.749
-2.58
-4.18
0.7999
0.7443
-0.01493
1.428
0.8471
-0.002492
-0.0148
0.1691
-2.624
0.3011
0.7239
-0.4194
-1.832
1.474
1.511
4.218
-6.336
1.203
0.4448
1.805
-0.003652
-1.685
-2.07
-2.098
2.35
0.2213
13.68
-0.954
-9.572
-9.273
5.48
1.412
1.436
1.015
-0.9078
13.68
13.66
-0.5827
2.506
0.5701
-2.309
-1.59
-0.007689
0.01124
-0.3214
0.00679
-1.376
0.2161
-0.005599
0.2404
-0.5038
0.5183
0.6534
-2.036
-1.999
-0.008024
-0.008405
-4.159
-3.806
-3.647
4.088
5.723
-5.412
1.454
2.392
0.08092
-1.296
-1.965
-1.911
-2.01
0.6208
0.05119
0.385
2.405
2.396
2.092
-3.858
-3.355
-2.306
-0.4731
-0.2276
-0.1807
-0.1589
0.1568
-2.16
0.03497
0.4134
-2.501
0.2195
0.3864
-0.5728
-0.5052
-8.628
-8.61
-8.606
-8.611
5.919
5.497
2.765
2.337
2.277
0.1781
-4.446
-3.925
2.059
1.849
1.644
1.03
-0.6008
0.003255
1.223
-1.206
0.008955
0.01668
1.275
-0.08997
-0.4044
-3.443
1.485
0.1769
0.7815
2.009
0.2547
4.008
5.247
3.49
5.102
-8.589
1.481
2.296
-0.9967
0.3053
0.2895
0.7366
0.007246
-0.8155
-0.03384
-0.0146
-0.5397
-0.575
5.171
4.893
1.701
1.1
3.281
2.171
0.007668
0.4393
0.2666
-0.132
-0.0002174
-1.888
0.6534
-1.544
-0.6921
-1.309
0.5616
-0.1093
0.09589
-0.007992
8.384
8.368
8.371
0.002418
-0.4612
-0.4525
0.9016
-3.897
-3.833
-1.28
-1.142
5.497
2.501
-0.003575
0.0005642
-0.001611
0.5316
-1.889
0.5646
-0.1928
1.851
1.674
0.01263
-0.5067
-0.2723
-1.062
0.004167
-1.544
7.729
-3.182
-1.168
-7.615
-6.766
-5.469
5.223
2.105
-12.33
10.81
0.2433
-1.583
0.5017
2.558
-2.426
-0.6631
0.5093
1.988
-2.48
-2.312
-2.38
0.7846
1.603
-0.003089
-0.0139
-8.895
0.9656
2.878
2.602
-1.97
-4.122
-3.645
-0.4947
1.187
1.179
0.3402
-1.248
1.338
-0.7787
-3.399
0.3092
-0.2845
-0.0003063
0.2774
-0.4132
-1.88
0.002125
0.4568
-0.238
0.00597
2.091
1.112
-1.415
-1.386
0.01785
-2.797
1.234
-1.044
-0.005632
0.004832
1.323
3.3
0.394
1.501
12.5
12.49
0.01584
-0.01329
15.04
1.162
-1.547
0.5044
-1.488
0.3165
0.003395
-0.2981
-1.063
-0.6265
-1.86
0.2417
-1.505
-0.2768
-0.4634
-0.172
-0.1611
-0.9863
-2.051
0.5748
-0.8188
-0.01406
-0.7521
-0.4716
1.437
-1.719
-1.6
-1.163
0.4078
0.6408
0.6359
-1.038
-1.186
-0.001286
-0.05715
-1.129
3.366
0.874
0.5283
-0.7611
-0.8019
-0.8636
0.448
0.005597
0.6523
-0.9191
1.77
2.257
-0.5658
-0.5686
-0.009824
-0.9542
-0.08421
-6.798
-7.837
-1.873
-5.374
-6.522
0.6685
5.328
0.7193
0.298
-1.671
-0.3055
-0.1928
0.2682
-0.5641
1.334
0.3999
0.4766
-0.1133
-1.679
-1.974
1.459
-0.3547
-0.7648
0.002525
1.075
-1.738
1.724
0.3107
-0.2017
-1.132
0.2495
0.3964
-0.1681
-0.3455
0.22
0.1739
2.161
-0.9427
3.483
-0.005328
3.478
8.569
8.564
-0.1534
-0.002958
0.8323
-1.313
-0.01623
-0.2895
-4.014
-0.0469
0.2081
0.185
-2.335
-0.8391
0.2173
0.2194
-0.002403
0.004511
-0.7101
-0.7035
-2.249
0.8116
0.1757
0.5474
-0.01147
-1.019
0.8888
-2.435
3.387
3.531
3.233
0.9466
-1.267
-0.01434
0.6691
-3.671
3.349
0.7104
-1.614
1.435
0.4107
4.303
2.328
2.707
0.7258
7.712
0.9505
-0.7998
0.5204
-1.765
-2.43
0.04372
-0.2153
-0.5745
-0.334
1.446
0.6728
-1.003
-1.647
0.1419
0.7771
-0.05032
0.7355
0.6837
0.2745
0.1425
-0.03045
-1.77
-1.828
-0.1033
-0.2004
1.228
-1.667
0.8891
4.278
0.05058
0.7988
-9.968
2.937
-6.833
-6.969
-0.7736
-0.6421
0.4022
0.3802
-1.402
1.047
1.041
1.67
-2.216
3.146
0.07046
-1.661
-1.599
-0.7777
-0.004022
-2.695
-3.765
1.384
-0.2934
0.6478
0.6936
0.3102
0.0231
-0.2525
-0.2952
2.227
5.106
4.068
1.315
1.441
0.7672
11.58
-1.365
-1.738
-1.964
0.6768
-1.065
-1.128
0.3539
-0.4637
-0.8256
2.126
1.928
-1.301
2.358
2.057
-0.03903
0.9181
-1.953
0.5056
-0.9226
0.9878
-1.247
-3.327
1.605
0.8396
0.1084
0.01373
0.3717
-0.7186
0.3971
-1.621
2.051
1.259
0.6854
-0.4142
4.508
0.553
2.528
2.479
-2.051
0.6645
1.231
-0.3695
0.1929
-1.046
-1.781
0.8481
-0.2121
-1.393
-2.035
-0.006252
3.575
-0.5533
-1.984
0.00786
2.274
0.7293
-1.755
-0.8953
-0.009414
-0.4055
10.42
9.319
9.039
8.924
1.128
0.8029
-0.2922
0.1962
-2.187
1.834
0.006231
-0.7817
0.8659
0.006037
-5.678
1.432
0.8524
1.452
1.498
1.507
1.076
1.455
0.3218
1.954
2.54
1.06
1.123
-0.9638
-0.2356
0.5336
0.007777
0.8634
1.774
1.408
1.496
0.03296
-0.6791
-0.7396
0.703
-0.4782
0.6252
-1.194
-2.919
-3.13
-0.07636
-0.06298
3.866
1.864
-0.3496
0.8408
0.484
0.008402
-0.6522
1.763
-0.0792
-2.091
-2.052
-2.134
-0.3504
-2.599
7.825
9.042
-2.64
-0.6235
-0.003989
0.006707
-0.3134
1.109
0.009646
3.296
-8.604
7.087
6.947
1.48
-0.2035
-0.3014
-0.1022
-0.3339
-0.8476
-0.1593
-0.009199
-0.003007
-2.807
1.639
-0.4331
0.2579
1.11
0.007515
-1.968
0.5847
-0.8504
-0.4549
-0.1156
-1.757
2.806
1.702
0.3354
-0.0302
-1.151
-5.925
-7.266
1.147
4.285
-5.151
0.4405
1.585
1.587
0.7619
2.052
1.82
2.535
1.384
0.0004882
1.329
0.9478
2.327
-1.239
0.4979
-0.713
0.009739
-4.339
0.6137
1.355
-2.658
1.119
-0.4203
0.2049
2.161
1.658
-0.4492
-0.4196
-0.9048
-1.218
-1.206
0.02057
-0.1527
0.1054
0.2858
-0.1041
-0.1061
0.005035
-12.72
3.878
0.3821
1.038
-3.395
-0.8234
-1.76
-1.207
3.071
-0.9573
2.156
-0.0001437
0.2871
1.135
-0.7992
-1.182
-1.158
-0.5272
-0.6488
-1.495
0.1028
1.041
-2.067
0.01543
1.911
0.8484
-2.076
-7.502
-7.68
1.624
7.702
6.674
-0.1209
-0.1347
-7.409
-0.462
1.305
1.378
-1.762
-0.3176
-0.0002057
-0.7231
-0.007032
0.5412
-0.5645
-0.612
0.004777
-1.338
-1.577
-1.793
-1.752
-1.616
0.6536
-0.3581
-3.488
4.349
0.01298
-0.06127
0.4847
0.3324
-0.9615
-0.3353
-0.2531
-0.05134
-0.3759
-0.002945
-0.3076
-0.5609
-0.0841
0.4592
0.4727
-0.01945
1.393
-1.732
-1.267
2.315
-0.7586
1.168
0.01027
0.9964
0.9943
-1.079
0.32
-1.554
-0.5775
0.04614
0.01004
1.323
-0.8566
0.002408
-1.195
0.3581
3.814
8.601
8.604
1.127
0.2164
-0.6512
-0.768
-0.3477
-0.6957
-1.613
0.008199
-0.02051
2.895
0.09586
2.742
-1.838
0.00662
1.042
1.117
1.526
-1.609
-10.38
-0.6012
0.02067
-6.956
-9.335
1.216
-3.738
2.072
-1.491
-0.8648
-8.613
-8.627
1.723
1.707
-0.6348
0.7379
4.455
-2.638
-0.2022
1.261
0.753
-1.592
2.313
1.225
0.07994
1.606
-0.002804
-1.411
1.348
0.4357
1.205
2.221
-0.06283
-0.6742
3.003
2.981
-3.501
2.813
3.073
0.4784
0.9278
1.499
2.553
2.566
2.265
1.602
1.896
3.392
4.057
2.684
2.201
2.226
0.9259
0.8242
0.2981
1.377
1.402
1.095
2.829
3.118
3.045
2.69
2.717
-0.002884
1.498
4.205
4.099
4.583
4.729
3.274
1.275
2.209
4.028
2.012
2.804
2.883
2.002
1.394
3.222
2.117
2.024
4.661
4.718
3.278
3.46
1.944
1.816
3.591
4.561
4.578
4.893
3.735
2.927
-0.2846
-0.2951
1.008
0.9883
1.77
3.537
4.321
2.224
-1.477
4.605
-1.179
1.172
1.145
3.732
3.813
3.838
1.881
1.836
4.095
1.768
1.807
0.3574
2.954
2.639
1.798
4.813
2.993
3.237
4.706
4.853
-3.712
1.519
2.337
3.362
2.862
2.611
2.524
2.393
2.992
3.944
4.001
3.562
4.036
3.985
2.9
2.914
2.928
3.148
1.582
4.545
4.973
3.36
3.46
5.585
4.139
4.084
1.657
1.646
1.717
1.808
1.86
-0.4841
3.367
1.908
3.12
4.077
1.91
1.493
1.596
5.891
1.337
3.136
3.146
2.474
2.557
3.631
4.025
3.659
1.93
1.9
-8.4
-8.418
-8.398
-0.007306
0.01203
0.001834
2.477
2.461
2.551
2.567
2.657
2.822
4.255
4.18
1.754
4.738
0.007246
2.553
1.261
4.153
4.075
4.008
4.153
3.756
2.468
1.973
1.753
1.341
2.85
3.124
3.219
3.402
