5997 1
0.662095516
-0.76614684
0.013701086
0.16781094
0.774543291
0.402837166
0.120129914
0.04433633
0.032635291
-0.155588571
-0.824405473
-0.794252703
0.591650452
-0.163082505
-0.201034397
-0.157440414
-0.128506747
0.273314373
0.362461596
0.911663979
1.006941852
-0.395313954
0.39535073
-0.677106864
0.528958026
1.029871767
0.287812935
2.88E-01
-0.904805051
-0.10830729
0.903472403
-0.469560338
0.165151214
1.002886562
2.356994153
0.097079299
-0.382896941
-0.765581251
-0.600869869
0.618019329
0.500714753
0.647441796
0.769984658
0.658970965
-0.110744431
0.039214116
-0.891683132
0.868688287
0.801711803
0.801706343
0.187776259
0.465505172
0.501322043
-3.836373985
1.041712424
0.539375478
0.23385569
-0.091672241
-0.199812843
0.391174022
0.658816232
-0.175088036
7.205914436
5.210154775
1.590503822
-0.767074725
-0.086555045
-0.167071202
-1.06076003
-0.075630051
-0.745251273
-0.160899584
-0.400963579
-2.691310532
-0.724413644
-0.303161899
-1.180902401
0.122936111
0.170029395
0.22659553
0.466081004
-0.303187638
-1.6894918
2.169073742
6.539364515
0.12418519
-0.358102638
0.654315061
0.139635994
-1.46332143
-1.72775426
0.701192453
1.172737154
0.362002046
-0.419637923
-0.601818738
-0.410912829
-0.546667854
0.268890997
0.322212368
-0.618192922
0.571603815
1.499640585
1.411677391
-0.602263654
0.185423176
-0.314092759
-0.279450535
-0.127718617
0.015126074
-1.440958923
-0.373012827
-1.176615844
0.37148384
0.334869303
-1.50403464
-0.286863936
-0.578355376
3.407817742
5.237788279
0.181796915
-0.789425379
1.199780259
-0.700975013
0.68955332
0.57771161
-0.635150949
-0.956635522
0.27117125
-0.128192459
0.996891457
-1.053746193
-0.498576317
-0.188957736
0.774060185
1.497477209
-0.710624299
0.334770782
-0.256070177
-1.910793733
2.513499806
0.642558102
0.626767864
-0.605232289
0.419743669
-0.559445825
-5.807070816
-3.684738533
-0.445144261
-0.16793096
0.769953831
0.558767097
4.939348352
0.578477388
0.746066132
-1.035229453
0.185656324
0.997628816
0.716330821
0.152301412
0.684135257
0.757706148
0.540367664
-0.502642325
-0.187363896
0.647095792
1.047816459
-0.202750368
0.016177756
-0.517358062
-0.155480047
-0.108934575
-0.054166358
-0.105212053
0.8583768
-0.142133116
0.406286506
0.747835791
-0.604463135
0.02639079
-1.101426985
-1.041457535
-0.08505578
-0.909037809
-0.90895788
1.378738755
-0.613535175
-0.081885389
-0.800384057
-0.50057299
-0.404129233
-0.516756603
0.570454761
1.43286758
0.067103301
-0.667825382
-0.716585861
-0.462298258
-0.067420517
-0.987710044
0.772948558
-1.711179564
-0.6509002
-0.22514477
0.072389583
-0.571538331
1.596539965
0.421763291
1.022438272
-0.806180927
4.9667363
-3.939618389
-0.064304981
-5.218565447
3.98343359
-0.727422196
1.134123005
10.2319636
10.23208336
7.103394351
-2.462302969
-0.058496279
1.934479545
-1.146013317
3.186254479
3.186171143
-0.259730224
-0.187722466
-0.373343067
0.380678115
-0.652161604
-0.314992907
0.669387056
-0.284285991
0.263397337
-0.17466375
-0.006113614
0.443903045
-1.551072573
-2.206119822
0.340365391
-0.378143072
-3.540518264
-3.540277873
2.010322884
-0.156144972
0.221306309
-0.089436295
-0.394403777
1.105405799
1.305850554
-0.691378996
-0.024874505
-0.451373614
-1.000124958
-0.320315129
0.08502259
-0.184789644
-0.112318857
0.185379763
0.974485056
0.224145686
-0.252766602
-0.870304736
-0.089505287
0.159856798
-0.396926343
-0.145026827
-1.66105441
-0.482315545
0.576544205
0.159394072
0.040974858
0.371074585
-0.303277145
-0.055708168
-1.081932141
0.034084069
-0.30200123
-0.661104014
-0.926120949
-0.926195514
0.170031872
0.115563711
-1.049412333
-0.233236154
0.169058206
-0.122944874
0.082669857
0.506042605
1.071951167
0.416595382
0.831800058
0.458694605
0.530233851
-0.630031828
-0.62975238
-0.254429472
1.091687955
1.091765297
0.401312771
0.096615186
-0.455462116
-2.238444702
-0.266131324
-0.35337862
-0.353344553
-0.280276739
1.731891829
1.731927028
-0.189197726
2.19E-05
0.744222756
-0.118106607
-0.344974421
-0.344847365
-0.455230067
-0.602519798
0.657213175
-0.134561094
0.483813145
0.075045625
-0.096585644
0.018932993
-1.507015525
-2.468552397
-2.468605587
-2.468709325
1.552931218
1.552805971
1.552738777
-1.710964932
-1.710901337
3.825612582
3.825540746
-1.415900247
-1.416100744
-1.333662496
-1.333604064
-0.024841771
1.230736834
-0.263174081
-0.498229261
-0.498351758
-0.162225748
0.668905872
-0.636793438
-0.610391095
-0.610403154
0.60958387
0.715312269
-0.692035698
-0.562785319
-0.56287597
0.919344368
0.91939274
0.127779828
0.578764605
0.578843295
-0.653071575
-0.653043824
-0.198152825
-0.858387777
-0.858425918
1.676603053
1.677015574
-0.801328979
-0.170494504
-1.174228042
-1.174368329
-0.887842576
1.077794766
-0.882787143
-2.78662503
2.970941089
-0.561022763
0.301334829
-0.048012293
1.710356106
1.710193294
-1.773941874
1.960536279
-1.740794642
-0.512337963
-0.395730603
-0.781562455
-0.551199989
0.766543652
-1.221377009
-1.221618427
1.238660902
1.238612892
0.648782381
0.750702542
1.532614575
1.53242341
1.411710832
1.411584823
-0.043973473
-0.393206547
-0.097520684
-0.823904147
-1.027730124
-1.027784641
-1.05568208
-0.241824803
-0.889834578
-0.889771254
-0.1807936
-0.650382504
-1.186958709
-1.186901325
-0.905670594
-0.905753487
1.446267218
0.236132654
0.45493818
0.556617349
-0.595609195
0.399522041
-0.825452084
0.716684397
0.779156352
-1.167330792
-1.890804498
-1.890778494
0.034404306
0.478896851
-1.973035316
0.630175985
1.392457473
1.392271164
1.392483986
-0.348010432
-0.483558478
0.280660273
0.684105565
0.599557099
0.628898142
-0.437091138
0.680324408
0.377493772
1.48104554
1.481196566
-0.247106791
-3.366960681
-0.426972006
0.749644728
0.040235656
0.590948569
0.7079123
-0.37055516
-1.682061538
-1.682252981
-1.577437201
0.889420666
1.298861033
2.019357392
-1.278105606
-0.390843696
1.744870715
0.268981223
0.153195651
0.204924735
-1.69691277
-1.696692965
-1.027412444
-1.027191361
0.727176612
0.803577408
0.485627945
0.614952052
0.119644184
-3.380013558
2.454463435
1.201555466
-2.122273082
-2.12223183
-2.122446626
-1.581214791
-1.581312771
-6.582216291
-7.24437967
-7.244484088
7.604675741
1.201942017
-10.38029543
-12.38256599
-9.937867084
-2.187069394
-2.187489572
-1.113463782
-1.113520476
-0.503392832
0.012646481
1.025026364
-1.376920617
-1.376758312
-1.749054914
0.765973657
0.461604884
1.581158541
1.581187839
1.485292509
1.58359218
0.851178175
-0.30821103
-1.104513097
-0.806901342
-0.383220681
1.138289289
-0.547388171
-1.513178347
-0.869694814
-8.453697961
1.221746219
5.720563701
1.791277635
1.791379481
-1.208298024
0.090636358
-1.906477419
-1.906225943
-1.818766861
-14.26980641
-6.107733767
-1.035632827
-2.588824528
-11.34741666
-0.456487724
-1.023413903
-1.023319953
-1.023371138
-1.023310707
8.834943384
9.290267739
-5.09116784
-1.262389437
0.466496595
0.707544112
-0.541159768
-0.541070907
-1.305001865
-1.304985439
0.265938223
1.129218462
2.322382
-8.592020114
-10.69143134
2.303120184
2.303346689
2.303352994
2.303413487
-2.130043684
0.53566269
1.282333281
-1.126230211
1.691394475
1.691410311
1.691281555
1.691386438
-1.343794342
-1.343949532
-0.620876113
0.709187299
0.702182444
-0.748808571
0.011312445
-0.051051828
0.26691571
-0.082045781
0.832139932
-1.00356702
-1.003668997
-1.625421964
0.536276621
0.160051691
-1.004994565
0.099721986
-0.477298824
-1.979929967
1.435150596
-6.92055104
2.734225577
-1.45246098
-1.452515775
-1.452374205
0.371241893
-0.141934423
-0.182410675
-0.844339729
-0.373623378
-0.763022655
0.347740605
0.636128905
-0.6361019
-0.277759059
0.908465427
-0.117392287
0.768437548
0.565313264
-1.114500778
-1.079709662
-1.079791491
0.728687522
0.755168976
0.33935204
1.61393551
1.613952933
1.614080887
0.831307769
-1.994233725
-1.30620464
-0.116810823
0.754193644
-1.174971478
-1.174850839
1.930708063
1.609145495
-0.388274058
-8.311534169
1.05399091
-1.781519404
-1.781426376
-1.623607808
-1.623715631
-1.623438187
0.427643606
-0.991056168
-0.488897908
1.259262438
1.25905648
0.903468915
0.903432276
1.575660694
-0.450511551
0.034827783
-0.583353006
0.82925747
-0.159332223
0.509311542
-0.296808562
0.153372107
0.384735123
-1.044065135
0.651524441
0.635839292
0.636123673
-1.034573041
0.998829202
0.203989747
0.456034003
0.499891417
5.237640658
-1.24974453
-0.140914074
0.407770082
2.272813327
-0.343901797
-0.256032822
-1.131983306
-0.152396401
-0.885744222
0.516355051
-0.084379693
-0.624138823
-1.659003832
-2.820869402
-1.203288768
-1.008523315
0.971218902
-0.029423128
0.665762033
0.670055785
-0.005501128
-2.666977446
0.054982198
-1.040403245
-0.121541107
0.416681954
0.124671848
0.032117927
-1.977069036
-1.977119205
-0.007098634
0.727365177
1.614321067
1.614497159
-1.469183545
-1.469084864
1.178934669
1.492606675
1.492477092
1.678595277
1.678443732
1.678485701
-0.036141822
-0.538493422
0.553894828
-0.883543137
0.076835477
-0.226646306
1.353588725
1.312424843
-0.377681773
0.409204171
0.02189622
-1.233060067
1.986185936
-0.761173277
-0.653185543
0.59205537
0.592206205
-1.646540121
-1.64656506
-0.257027913
-0.307417651
1.080363736
-0.351663416
-0.070142232
0.00286748
0.046540878
-10.78559664
-2.327058182
-2.326994815
-0.417030132
-0.494171725
-0.345586711
-0.479522718
-0.67993262
0.332176608
0.96679347
-1.748180574
2.023150804
2.023015497
-0.903304693
0.710420591
0.125894505
1.15649478
0.442808325
10.52821764
0.802166614
-0.025715692
-1.335885101
0.410262024
-1.129635273
-1.129610009
-1.086775253
-0.728364044
0.873480332
1.137623022
-1.39962729
-1.399781664
-0.925051679
1.228265046
0.385101038
-0.626099612
-1.638383876
0.869502692
8.039319301
-0.687796361
-0.303823072
0.724651141
-0.431296457
0.924677815
-0.87677196
-0.70410783
-0.617941866
-6.426622516
-7.018111974
-0.6079234
-0.572087432
1.047977923
-1.815258701
0.697506807
-0.836433151
-0.950657209
-0.611847575
-1.670654029
-0.439334231
0.920026081
0.569810498
0.792883916
-0.93116541
0.831721544
1.776241693
-0.518303783
-0.687768142
-0.687638346
0.167624713
0.742972391
0.873667968
-0.116543056
1.737703911
1.737693068
1.737661356
1.471116482
-0.369941862
-0.236034305
-0.583854367
0.505077557
-1.420295823
-1.420150452
-0.062874714
0.094204287
-5.916818202
-0.354955812
-1.486728851
0.835315765
-1.244053387
-0.639659273
0.891531665
1.204398365
-0.928541638
-1.613917386
-2.278364365
-2.278447717
-2.278333534
0.922952709
-0.601647236
1.49309503
0.228190556
-1.508206203
0.714630542
0.890880635
0.863636611
0.936692473
1.127665805
-24.38750491
-1.775787967
-1.775667916
-1.157434268
-0.374453673
0.007365344
-1.493404576
1.181467156
1.181354972
-1.065566286
0.08699409
0.754373886
-0.167385426
-0.307166816
-0.852906712
0.612827754
-0.820882771
0.817368132
-0.461214124
-0.732504489
-2.058282174
1.579162697
-1.218321038
0.645162786
0.645092408
1.094058734
-2.09761984
-0.879170314
0.342189477
1.5942961
1.594030552
-1.908826125
-3.890603928
-3.787794595
1.820690069
-1.444406986
-1.444276647
1.843692849
1.843704097
0.487350163
1.040376133
-0.564434117
0.450977588
-0.299526289
-11.07334217
-11.07338637
3.497862204
-1.179546091
-1.179689347
1.566498542
1.443528313
0.274449106
-0.491293975
1.052204358
1.051902314
0.772165971
0.208046967
-1.321149898
1.925799547
1.925651301
-1.193016055
-0.774677536
0.206683755
-1.524132224
-1.126036652
-1.125960849
0.639513418
-0.186152783
-1.68460835
-1.148762492
-1.14895044
0.255405711
0.76559668
-1.149046625
-0.842238718
1.296272336
0.121051109
1.483232825
-0.987559779
-0.987537067
-0.451842594
0.836431873
-1.159755993
2.162128114
2.162290351
2.162236799
-0.527584707
-0.944723876
-0.606705891
9.845695152
1.037742418
1.681127623
-3.15875633
0.785290457
0.284327703
0.150656506
0.24217905
-1.173750573
-1.158692939
1.317781173
0.108096588
0.331237582
-0.415404847
0.383063046
-6.946192118
-0.520919845
-1.680178739
-0.17181144
0.134693273
-0.202473747
-0.223198637
1.849603279
-8.523073034
4.347097703
-1.082185128
-1.082067986
-0.443710459
-0.443593974
0.781429187
-1.01467352
0.995916562
0.251017529
0.008799119
-0.212855347
0.36858495
0.185811823
0.548557271
0.681638607
0.681733108
1.430914632
1.431015872
1.16471792
1.251185456
1.251374116
-1.073335877
-1.073420511
-1.073447594
-1.081631014
-1.081629076
-1.081616423
0.833784565
0.022798915
0.223572703
-0.926537466
0.761418836
-8.39535282
-0.370859025
0.002309334
-0.41928337
0.30141265
-0.564740238
-0.324503515
0.039422661
0.351765516
0.185501596
-0.252871623
0.306889532
1.080851425
1.379347982
-0.108432077
-0.746526014
-0.746504841
0.42996699
0.499769713
0.607743978
-0.379303065
-0.558582882
-0.03817677
-0.666711808
-0.302687391
7.408153449
1.678626786
0.058256007
-1.297786775
-1.115174125
-1.115193679
-0.988628798
-0.988358403
-2.498052617
-2.811541292
-0.359548469
-1.268805208
-1.268743107
-1.269804892
-1.269870044
-1.269851303
-1.388652907
0.123865654
-1.335675145
-0.529532068
0.212298175
0.212234284
0.595448764
-0.190387072
-0.686452553
-0.141137261
4.220178603
2.433064749
-2.084425926
-0.361893217
-0.361876585
-0.239961752
7.177338588
2.343848194
-0.10024071
0.902161409
0.645518676
0.312913788
0.402805383
0.411991598
0.339429695
4.08554127
2.210720348
-2.755981614
-0.063409703
0.15579844
3.108775427
-1.619827477
-0.85936007
0.651455237
0.839379104
0.773683199
-0.2929803
0.978433851
-0.254132841
-0.25485642
0.946069638
0.589192774
-0.072407265
0.762239016
-0.245155171
-0.556900247
-0.556948664
0.185437962
-0.366159906
-0.096356833
-0.65459787
0.255741018
-0.625813199
-0.626030595
0.067100523
0.185867125
0.490504229
-0.890204243
0.239126681
0.550234255
0.066050816
0.57970682
0.579789945
0.532779524
-2.927294541
-1.640499985
-0.313435555
0.34245742
0.342414714
-0.537305331
-0.168250433
0.616877793
0.617077981
-0.498053699
0.350465435
0.32331165
0.614429428
1.234254002
-1.173467715
0.13651941
0.005183959
0.767563926
0.767435032
-0.004947739
-0.274315387
0.696163213
-0.738130351
0.697975235
-0.917329223
-0.175955798
-0.117937303
-0.117920091
0.125242734
0.033910289
-0.308925919
-0.037940267
-0.391068715
0.2924963
-0.595259408
0.291229041
0.93863269
-0.404284454
0.327883106
-0.434417991
-0.266988729
-0.357581542
0.227033963
0.024867036
-0.2517958
-2.415615813
11.93888131
11.75959206
-0.454424991
1.064766341
1.06475799
-1.605415936
-1.605641758
-1.605441965
0.225195762
-0.753390195
0.306471198
-0.482548166
0.105084026
0.86070063
0.509513907
0.509691598
-0.195419668
0.626399369
-0.068137535
1.247284761
-0.214978156
-0.158542549
-0.776539237
0.524331111
0.524328595
0.376701042
0.812115151
-10.30918668
1.230314623
-0.838248339
-0.49002451
0.479867698
-4.004629188
0.875906002
0.7290342
0.511481645
-1.030764639
-1.031044672
-0.3168723
0.145878067
1.126586875
1.542988538
-0.891101143
-0.277660586
1.275056379
0.346118372
-0.953374994
0.113098614
-0.013587819
0.263038506
-0.598058622
-0.117034855
-0.334839643
0.901955289
0.901536738
0.511581354
0.487636261
-0.487360101
0.2882462
0.153246527
0.407752117
3.427261212
0.77539886
-0.978311365
-0.978412498
-0.148440113
-0.255921333
-0.239237961
-0.90877014
-0.908541359
-0.985359793
0.303070197
0.303255804
-0.736111728
0.219249004
0.725254032
0.053735316
-0.157198077
0.05780999
-0.792705904
3.303727655
-2.143489872
-0.285128673
-1.440728104
-1.440843967
-0.251689172
-0.105238507
0.56594677
0.566064374
0.485670349
5.122157537
-0.702457585
-0.819817114
-0.819882261
-0.219716343
-0.204802096
-0.215944302
-8.472570573
3.240809259
-0.545563819
0.517636437
9.296007162
0.255346826
-2.06582274
-2.599628977
-0.532868709
-0.247502947
0.706441598
0.706380862
0.308140192
0.308237022
0.835567654
0.835288888
0.254139127
-0.906465422
-1.575791784
-0.441937749
-0.610920627
-0.133771498
0.031860886
-1.363206618
0.823295412
1.464931269
1.464926878
-0.787114094
0.140086544
0.160268527
11.94970179
-3.286233461
-1.86350054
-1.411901833
-1.41212037
-1.411985284
-0.890277074
-0.890390695
-0.890146005
1.418406473
1.418467478
-0.290051327
0.156333357
0.353047685
0.362226591
-0.876894805
0.373506066
-0.614133881
0.110412457
0.589748973
1.228236611
1.228203842
1.228421673
1.228172666
1.075130782
1.075123518
1.075258064
-1.271623601
-0.568680013
0.093471769
-1.366216102
-1.36621511
-1.366267403
0.796091302
0.79629647
5.819560379
0.724959308
-0.033933769
-0.353068533
0.52338139
0.125637256
0.493139683
0.992310756
0.992290205
0.361303354
0.635901395
-0.452534428
-0.245919755
1.80254637
0.093360977
0.251914234
-0.517423486
-2.083838915
-5.116811969
1.755056029
1.754787463
-3.050444403
-1.811727931
-1.811709216
0.994832922
0.629855333
-2.847456928
-2.847523063
0.432509228
-1.260487667
4.059474871
-0.393420747
2.845790916
0.142121479
1.025726446
0.571001238
-0.898440519
-0.398696545
0.077235271
-0.668424031
0.603864944
-0.206899266
-0.775204422
-0.775176162
-1.247467713
-1.247479042
0.926003384
0.548831165
-0.60052775
-0.600532775
-1.600654179
-1.600429848
-1.600643878
-0.502541707
0.63883482
0.213161421
1.444580863
1.444815058
1.444598567
-1.416639275
-1.416773663
-0.663422315
0.898993621
-0.274143942
-6.815710091
-6.026347633
-0.576298413
-0.131715434
-0.114518776
-0.580646023
0.887058305
0.375394282
0.279542484
0.168582327
-0.405193654
-1.05296189
0.141434002
-0.103864248
-0.935181742
-0.489028692
1.695456469
-0.515036453
0.96156807
0.961677641
0.3519917
0.352122982
8.191415036
5.566436323
0.998928327
0.99908422
-0.905100894
-3.718626794
0.043615633
0.400718395
0.400743159
0.421054659
0.421111333
0.31986516
-1.012491915
-1.012686372
-1.503850678
-1.503750385
-1.503719157
-1.503740072
-1.503600098
-1.503671292
1.561155692
1.561210743
1.561030076
1.621504862
1.621583523
1.621552156
1.621471425
-0.119062194
-0.524825494
0.366624814
-0.069534056
0.508548743
-0.467977044
-0.749835419
-0.749723298
-0.279383977
0.471813358
-0.943483416
0.301097831
0.405643934
0.705470523
-0.321133883
-0.732415955
-0.034552165
-1.253242686
-1.172390937
0.44056824
-0.955700467
-0.955689379
-0.95590563
-0.95578847
0.52886189
-0.831837059
-0.335626556
0.630444938
1.758030516
-1.49548082
0.250891271
-0.138705852
-0.741130261
-1.556486975
-1.556628165
0.395043844
0.394916229
0.715584344
0.219611183
0.795544729
-0.178711861
-1.117475053
-1.117304387
-0.458059651
-0.458171135
0.42783654
2.771326889
19.88155506
-0.48947584
-0.707239698
0.387560264
-0.420260792
-0.104273241
-3.618601476
1.582021018
0.003044117
-1.081443111
-1.081250112
-1.081613633
-0.174588754
0.078788621
-0.20213005
0.554724402
0.554659212
1.243446709
1.24358599
1.243333026
1.243483819
1.243513226
1.243692907
0.002582995
-0.832059217
1.342029735
1.342031438
1.341766
1.34175464
-1.192536136
-1.192437922
-0.472702787
-0.472693772
0.296900595
-0.144408971
-0.846273047
-0.282748754
-1.647866184
-1.647867425
-0.447515522
-2.645380326
0.65735119
-1.016573586
-1.034698183
-1.034724406
-0.757856907
-0.757747823
-0.542581526
0.386598443
-0.364023721
-0.419967063
1.095383878
-0.770667075
0.59273576
-1.07365642
-1.073574988
11.37007289
-0.866142856
1.30405446
1.893921301
1.893546411
1.893719072
-0.373357406
-0.61422502
-0.614336205
-0.529110981
-1.385676754
0.359766465
4.248127531
0.847171795
-0.480844137
-0.224572116
-0.224440066
0.467498392
0.187922277
-0.235282925
-0.124762631
-0.117186029
0.566114916
0.565983252
-0.681869246
-0.681831057
-1.549662047
-1.549862176
0.075171967
-0.310576456
-0.610552435
2.61376402
2.613823646
-1.236709866
-1.236724218
10.35645129
-2.20292082
1.566784176
1.567066421
1.566882888
1.566821966
1.566848855
1.566814404
1.566816724
1.566906704
-0.574464381
-0.574421026
0.287711427
-9.51492325
-0.935829451
0.156248482
-0.402636234
-0.033879891
4.377185395
0.579309427
0.316405982
-0.030542817
0.423962288
0.448113641
0.44805192
-0.254029047
-0.754440487
-0.404971508
0.068257899
0.570052657
0.088802794
-0.500945358
0.40995202
0.461513445
0.461625444
-0.004034317
1.078386996
0.151161529
0.670216639
1.300427097
1.080060287
0.298137152
0.300334178
-0.305493004
-0.213075048
-0.452967455
0.441053722
-0.198499314
-0.656622988
-0.366615707
-4.157915652
-0.427296259
1.332362738
1.332484777
1.332313252
1.025059464
-0.799407123
-0.166045613
-0.185793739
-0.850943856
0.329696743
-0.920164718
0.207868936
0.305514333
-0.118429348
0.01736421
-0.073525185
-0.07341135
1.129300672
1.129263021
0.25918745
-0.823491359
-0.823821011
0.393889288
0.354361075
0.419848582
-0.832783827
-0.83304389
-1.21448709
-1.214376631
0.868782693
0.86883541
-0.278191791
0.84078792
0.840692241
1.242149061
0.464066955
0.464023869
1.163143132
1.163284752
1.713395909
1.713486068
1.713661944
-0.66653908
-0.666372721
-1.088254442
-1.088509273
1.168257638
1.16829816
1.168241414
-0.202882224
1.988826152
0.01543372
-0.179468179
-0.183656077
0.346565601
0.260577303
0.025797843
1.297439892
2.233919259
0.154264341
0.475687425
0.140020921
0.744990488
0.563477577
-0.045346106
0.465463762
0.472951408
0.410745835
0.039201124
0.227705269
0.721076579
-0.896127961
-1.171864526
-0.302940472
-0.120085572
-0.808658536
-0.20170401
0.818766352
-0.591459826
8.488405567
0.769517718
0.653673569
0.653854475
1.439891601
1.439917768
0.142786162
0.658900388
0.296419232
7.072609653
0.164984512
-5.533446177
-0.831110222
-0.831070521
0.542479639
0.542252475
0.558807693
1.657320786
-0.954065204
-8.685339737
-0.388899848
0.5636903
-0.446091729
-0.467110589
-0.537963296
0.884087466
-0.763942756
0.089332691
-0.253320358
0.138853108
0.171044478
0.760285087
0.760433821
-1.248001727
-0.391999376
-0.315911569
-0.10231521
-0.003934104
-0.698627732
-0.299298282
0.275541105
0.036085805
0.211114392
-0.095378662
2.230780386
-1.868963982
0.486246212
0.950554196
0.174722056
0.074356689
0.021957905
-0.117970879
0.048996623
1.048730607
1.049061688
-0.324740647
-0.283464568
-0.448448444
0.081958444
-0.818512044
-0.454783345
0.189640386
-0.129968964
-0.547220332
0.173437838
0.37061634
0.413720658
-0.140735681
-5.369372882
-2.06444835
-0.633567112
0.170782255
0.222394615
-0.809413359
-0.146524782
-0.184689245
0.079423608
1.020303311
-1.698888723
1.059985191
-0.54600912
0.289244203
0.237316755
-0.086199552
-0.333569252
-0.30793522
-0.307984669
0.179000392
-1.542833011
-0.539643064
0.118374432
2.386404168
-0.946204851
-0.946165427
-3.294531842
-0.19981126
-0.151346807
0.402899301
-0.565204305
1.789779753
-0.731711758
0.22969895
-0.491055835
1.870573257
-0.305477875
-0.561134372
-1.193252076
-0.402552125
1.343823061
-1.25173373
-0.288047875
0.695109943
0.537714173
1.996988795
-0.928491344
0.073607937
0.082794063
-0.468046088
0.655561475
0.463292796
0.319972785
-0.624062634
-0.289547827
0.25741692
0.618688282
1.4963319
1.349957251
0.931346757
-1.274842311
1.106303224
-0.000238545
-8.04E-05
0.891454865
0.891422738
0.891573238
-0.811171613
4.37E-07
-4.95E-05
0.000232402
5.22E-05
1.068719068
1.203683737
1.916100365
1.915885273
1.916015614
-6.66E-05
-3.18E-05
0.952279536
0.772139224
5.57E-05
-0.000207731
-8.10E-05
1.187074256
1.504475313
0.303265655
0.83085553
1.662244532
0.597019337
-1.953054664
-1.95303181
-3.45E-08
0.599974837
0.774050602
0.225155135
-4.61E-05
0.843770489
-0.000152782
6.65E-05
-3.52E-05
-5.01E-05
0.075048916
1.125003408
-0.39108079
-2.69659149
-5.76E-05
9.62E-05
-9.40E-06
-2.390815376
1.841989918
1.842031206
1.842083951
1.842335869
0.468533518
0.62664329
-0.119412701
-0.610406296
-0.610319531
0.281416302
1.124825467
-0.067085192
1.500051877
0.978485656
0.6006373
1.027220427
-2.72E-05
6.10E-05
1.861305952
-8.014972212
-8.014886271
0.067615956
1.838954176
1.838726044
0.904766527
1.242139362
1.242252396
1.242182364
1.242181975
0.603708962
1.125158239
1.276550971
0.748534533
0.57307743
1.867355317
1.093467961
1.743715067
0.562464201
-0.000170408
-2.38785102
1.500250743
-0.377701182
0.904503676
0.552692087
1.200120154
0.530233004
0.63003808
0.899874163
1.47744152
-0.060449941
0.279779031
0.279727451
0.755967254
-0.757754011
-0.757724013
-1.584180723
2.044243502
2.044517332
-0.711052187
1.535241157
-2.195914413
-2.550432642
-2.550345033
0.93389222
0.274759191
0.750149164
0.440663088
-2.964570173
0.996030781
0.840768104
1.2438108
1.489000805
1.718513976
1.247403841
0.468613309
-1.851133873
-2.609640645
0.000122236
1.758661269
0.970663886
-1.071913337
-1.071975635
2.427280387
1.68045199
5.67E-05
0.234290711
3.20E-06
0.279183689
0.27925818
7.63E-05
0.67484773
0.674920474
-2.1507954
1.314336571
-0.983488818
-0.983315578
-7.54E-05
0.102019691
0.102167556
0.101890112
0.000179885
-1.688088148
1.410148569
0.315806976
2.124201188
-2.965752373
-2.965605404
1.18E-05
0.753661016
0.754016954
0.562460077
0.56254976
-2.207105682
-2.040317529
-2.040331181
-2.040375731
-4.056963112
-1.054017133
-5.670637246
-5.670733337
0.900060294
-6.412372728
-6.412390591
-5.62E-05
-7.135715895
0.937497022
0.937461286
0.937537129
0.937542096
0.937556585
-1.80661245
-5.938544699
0.844613761
-1.173992022
-1.223417814
-2.89E-05
2.511677351
-0.523913277
-0.437369995
-0.437272316
-8.187124478
-8.187056325
0.105637835
5.46E-05
4.370589194
4.370569029
-0.266966704
0.000100674
-8.62E-05
0.000190428
-0.145558189
0.14078154
-2.22837655
-2.67262796
-10.98114823
1.261403746
0.015885755
-1.973948002
-0.955947099
-3.516811503
2.071220775
1.800019749
1.799989224
0.99668653
1.124962071
-0.716521926
6.86E-05
-0.891551832
12.11617373
10.24020292
-3.765170556
2.669837711
3.48E-05
-1.72E-05
1.146750991
1.146777616
0.824630723
4.624505101
-6.736351679
-3.538423639
0.798773621
0.798557092
-6.046803632
-6.046898738
2.832761669
2.832806815
0.083968367
2.075058598
-6.251744334
-6.251753589
-2.156391868
10.05222404
-0.917404861
2.127453823
2.127349482
2.127634203
-2.849311556
0.63523005
-9.005122086
-9.005074325
-3.452760152
-0.280692434
-0.074908955
7.382134526
1.242125409
-1.131697274
0.61344616
-6.10E-06
-4.477797485
0.891558621
0.772356126
0.891557192
-3.410398701
-0.330888495
1.216579876
1.216621506
1.184566428
1.184760083
-6.13E-05
-4.338065461
-7.396427683
-2.091127572
-0.28440055
-0.141658676
-4.193333592
2.124043404
-0.0001705
1.977759494
1.977872854
1.977736538
-1.015970433
-0.330087207
-3.395285496
-2.607356729
-2.607456324
-2.607209759
-5.219725836
-0.000111196
-1.942057769
-1.942163515
0.000139969
-5.02E-05
8.80E-05
0.572354039
0.572443335
0.572497039
-1.922606363
-1.922784709
-4.693217138
-1.923663608
-6.461155802
-1.494591376
-5.454775262
1.312828804
1.058900686
1.312991193
1.312908044
-1.606486058
-1.60640603
4.773190249
3.289180838
3.289121603
-1.490875816
0.413687003
0.010274075
0.224900557
-0.000237159
0.079720781
0.305298231
-5.522202649
0.603260162
1.206615712
-0.496139867
2.936282944
-1.940454489
-1.94043298
-6.860162043
-6.84E-05
3.228722489
-1.51E-06
2.194050069
-2.850576753
-2.850680371
-0.377412731
-3.573764073
0.71444234
0.714393232
0.714289117
-1.651065864
-0.607896252
-1.321879894
-0.761051632
-2.882319827
-2.882080075
-2.881970513
-2.217122843
1.778990938
5.523131083
5.52288872
-1.492148268
-2.620056978
-2.620170105
-5.121845556
-1.813486516
-1.81359461
-2.475301254
2.971675336
1.828212857
1.828175747
-1.739389805
-1.739274138
-8.028872604
0.589791369
1.069611277
-0.000239116
-1.71367518
-1.713688011
0.072107653
0.045108066
0.072134238
-5.73E-05
-0.000119749
0.083821844
-1.932861312
-1.847074113
-1.847301464
-4.037261311
0.626689795
0.626702146
0.626997614
-1.893702583
-2.069287106
2.465542909
2.465723028
2.465604445
-1.021492312
0.071352022
-0.446867606
-0.446904057
-1.520190802
-2.071311934
-2.760070133
-2.259183574
-2.258897285
-3.010355617
-1.217905859
-0.886139289
-0.886123477
0.062180365
-5.286196341
1.625382099
1.625537053
1.625389323
-2.383250969
-2.383335738
-5.42E-05
-0.331317547
0.472895717
0.945440647
-3.99E-05
-1.090317801
0.290930125
0.074896397
0.075006709
-4.48E-05
-2.209488374
-3.032995045
-2.984863608
-2.984815874
-1.946199959
-1.946265121
1.879464024
1.879169201
-0.993162752
-4.929751376
-3.048821846
-3.048684481
-1.087225581
0.67078227
0.670868792
0.670919112
0.831904457
-0.576000756
-0.887016303
-9.189122283
1.599048851
1.655089877
1.655284663
-1.789282171
-2.0089226
-1.642218805
-0.469906833
-7.020937994
1.495782104
0.508597402
0.508546955
1.95462608
1.954640949
1.954511943
1.954586305
-2.240620446
-2.240653892
0.000104582
0.000183352
-8.554974615
-8.554943929
-3.94205803
-3.942362424
-3.942345444
-3.942158185
-6.202804271
0.162564056
2.059777732
2.05977316
2.059817056
2.059847566
3.79650401
0.58814803
0.58856902
0.5883829
-1.961756646
-1.961598456
0.101627698
-1.098202754
-2.566369012
-2.566324076
-2.566361651
-8.394087197
1.103072391
1.102928229
1.103070845
1.10297593
0.87472848
0.874700872
-2.983408297
-2.983581197
-2.983599271
-2.139647286
-3.560791058
-3.561028805
-1.886686194
-1.887019418
-1.387548098
-1.387667734
-8.2110123
-8.210963577
0.068765037
0.478790874
-0.000143819
0.349119441
0.074846904
2.303026719
-4.769714658
-4.769703888
-4.769670852
-4.769885818
-1.69037464
-1.690167564
-5.675461813
-7.27E-05
7.628850007
1.780122469
1.780021051
-0.788353459
-6.737264375
-2.317668141
-2.317689916
-1.772961497
-1.375395258
-6.764728402
-6.764535076
3.037594466
0.903976717
0.903984734
0.904056889
-2.97937288
-2.979153332
-0.233901037
-0.720281301
6.40E-05
-0.000253611
-1.143239084
8.23E-05
0.212067288
0.424628649
-4.076105784
0.964090072
4.20E-05
0.964235017
1.92818872
-1.026386921
-1.714899378
0.378413264
-0.818743611
-3.123123231
1.378328693
-2.584434323
-2.584284682
-6.115669381
-1.10510074
-1.104982222
-6.942596199
-6.942690087
3.129411246
3.129683395
3.129525534
5.910510215
5.91028566
0.16252214
2.245905332
2.245818893
2.245725171
1.024197887
-2.400959541
-5.894665184
-5.894609319
1.069721627
1.069749575
1.069786603
1.069928901
1.069670599
1.831542844
1.831627428
1.831487871
1.831611948
-2.243553387
-2.243475362
-2.542936819
-1.061497936
-2.099226234
-2.09920235
-2.09908365
-0.147456871
-1.205826902
-1.205905747
-5.792437479
-1.680546352
-1.680614224
-1.680685746
-0.772225198
-1.697099832
-1.696857943
-2.04990633
-2.050004936
-1.896724896
-2.33E-05
0.000120521
0.000137456
1.00E-05
-1.990177466
-4.436549572
1.721890677
-5.46E-05
1.721941554
-6.49E-05
0.000175833
-2.372272223
0.093107182
5.96E-05
-0.695531484
9.223357553
-0.539595655
-2.13932296
-2.139276312
2.342501586
2.34254727
2.342715261
-1.892347431
8.952096199
-0.38345258
-0.383441496
-1.69770425
-0.622160417
0.854925779
-8.61E-05
-2.90E-06
2.275148015
-1.172637098
-2.666625926
6.581626611
6.581681366
6.58152068
-1.520615909
-1.789703895
-1.103833153
-1.078656365
-3.636622432
-1.140571753
-1.140574809
-0.208000203
-8.35E-06
1.49E-06
0.257211037
4.77E-05
0.618541407
0.099561602
-0.029757383
-0.292328991
-0.022146106
-0.18348912
-0.000800629
-0.61775881
-7.68E-05
-0.630346068
9.79E-05
-1.0121278
-0.100144964
-0.831918672
-0.246052098
2.084853501
-0.000109508
0.67489723
-0.136100226
-1.022252387
6.50E-05
1.106246286
-0.443583954
-0.000203206
0.000114572
0.441124619
-0.146825686
-0.985605201
-0.110801855
5.87E-05
0.000122806
0.891566265
0.89154084
0.891419868
-5.56E-05
-0.149841324
-0.039965668
-4.75E-05
-1.61E-05
-0.134551265
9.08E-05
0.000176836
6.74E-06
-6.38E-05
1.068875259
-1.015525164
1.203646177
1.915870438
1.91594604
1.916066716
1.915987527
-6.49E-05
0.952349313
0.952337715
3.16E-05
0.866194732
-0.213019067
-0.396668826
-0.009110056
0.562619336
-0.406113847
1.413686239
-0.116175894
-0.483504102
7.95E-05
-5.38E-05
-0.000109451
-0.095683277
-0.080541935
-0.391447843
-0.568026548
2.08E-05
1.504491516
-0.254191619
-0.047117911
-0.692745876
-8.09E-05
-0.479623177
0.000173072
-0.115473966
0.830975908
1.662033026
-0.396261507
-0.185875144
-0.035567678
-0.142570841
-0.032134738
-0.471548172
-0.033531201
-0.13566317
-0.053253368
-0.046827711
-0.416130931
-0.026142235
-0.159017335
-3.65E-05
0.597144341
-0.042397243
-0.273975035
-0.226268101
-0.064265419
-0.115552564
-0.036476069
-0.178428924
-0.248391944
-0.291302866
-0.000245549
-0.496097842
0.000156933
5.735829195
0.000115795
0.600205148
-0.038031486
-7.82E-06
1.015563386
-0.656276319
-0.783470518
-0.070878168
-0.53971527
-0.057577652
-0.219126886
0.000117048
9.92E-06
-2.12E-05
0.843811929
-0.169173803
-0.044809726
-0.590248648
0.199214214
-0.000234217
-0.02181827
-0.078940956
0.000116154
0.507077029
-0.024398318
-0.170484535
-0.241148653
3.86E-06
-3.00E-05
-1.43E-05
-2.45E-05
-8.48E-05
0.074840899
1.124979527
-0.000100238
-7.30E-05
-0.741425351
-0.021438441
-0.086065618
-0.139383442
-0.045530821
-7.19E-05
-0.707842209
1.842054322
1.842116128
1.842029421
1.842013351
-0.067368249
1.362906046
-0.212950442
-0.142332222
2.164521929
7.58E-05
-0.066114699
-4.32E-05
-0.000245564
-0.119380233
-0.056883379
-1.128518635
5.78E-05
0.281381853
-0.073576843
-0.073402174
-0.149354589
-0.198060507
-0.125416376
-0.046829269
-0.271420975
-0.645522308
-0.219860088
-0.053738929
0.000164455
1.271207755
0.000167352
-2.24E-05
1.125079315
-0.019493516
-0.245812254
-0.1042367
-0.101261401
-0.136541321
9.42E-05
-2.56E-05
1.500008113
-0.048670708
-1.297183934
-0.728858443
0.000123313
-0.057999711
0.00019207
-3.75E-05
1.56719586
-0.146143313
-0.087640175
-0.000129834
-5.68E-05
1.35E-06
-1.28E-06
4.27E-05
1.807572014
-0.105835204
5.88E-06
-1.452918221
-0.080887257
-4.79E-05
-1.57E-07
1.838834344
1.838752267
1.838828507
4.92E-05
2.75E-05
1.242082911
1.242281006
1.242219866
0.603785917
-0.220326399
-0.000189712
-0.03813033
4.16E-05
1.276394533
-0.05972283
0.74873039
-0.121675735
-0.68654346
-6.53E-05
9.60E-05
1.867535529
-9.69E-05
-6.98E-05
0.562578916
-6.53E-05
-9.50E-05
0.000177569
1.499969855
-0.000171504
0.904606643
-6.53E-05
0.000123112
-0.120782667
-0.085244484
-0.094301253
-0.752592883
-0.393376885
-9.51E-05
0.530205428
-0.235290082
0.629993558
0.000107116
0.560831121
0.561003641
-0.983051055
-0.095799711
-0.000125094
0.000210497
0.297069045
0.000208915
1.477636728
-0.912661829
-0.09955468
1.012509333
-0.02814953
0.948886604
-0.921527584
0.8550123
-0.095669892
7.31E-06
8.31E-06
0.000120774
-0.469584559
0.759049976
-0.109325718
-0.149343449
-0.002218735
0.686225775
-0.070725567
-0.055419025
-0.120401034
-0.010158416
-1.272791738
8.82E-06
-1.641513695
-0.027520775
-1.836524686
-0.324979372
-0.000111571
1.512031059
-0.160559633
-0.923404039
-0.000176509
-1.598166861
-0.89570504
-0.071325536
-0.055632168
-0.050423763
-0.00019247
-1.11E-05
4.088424797
-0.651262073
-2.33E-05
4.605749695
-0.027358909
-1.262531272
-0.350798254
-0.287192305
-0.833122981
1.73E-06
-1.31E-05
-2.151838129
-0.024683819
-1.58E-05
0.284739907
0.274828075
-7.98E-05
1.499904932
0.440813764
-0.001065535
-0.055919252
-0.177758103
-5.44E-05
-0.000223422
0.840736633
1.718607157
1.247561397
0.468657871
-1.915380095
-1.594575706
-0.279844537
-2.814452219
-8.10E-05
-0.000180798
-6.96E-05
1.758312565
-0.840911883
-1.712026838
-0.000109172
3.76E-06
2.427402679
2.427196047
2.427272224
-0.198853546
-2.125246736
-0.086104941
0.000149184
0.234258797
-6.63E-05
0.279264407
0.279193128
0.279299134
7.35E-05
0.27924675
-0.151680674
-0.506092779
-1.281418221
-0.241670411
-1.898947986
-0.000144553
1.350033591
-1.183412691
-1.108472823
-1.040679988
-0.055854813
-0.000107024
1.237547681
-0.188967999
-0.138769894
-0.040908893
-1.461015537
-0.905108264
-0.243645838
-0.044865598
-0.87296581
-0.185067964
9.80E-05
-0.33100123
0.102138504
-0.000137503
-0.000170376
-0.000132686
1.410036226
-0.498627895
0.000192487
-1.936343376
-0.146302875
-0.613578485
-0.125305948
8.79E-05
-3.62E-05
2.124032678
-0.263091235
-0.194541256
-1.080259484
-1.046748806
-7.94E-06
-0.361765567
1.972281806
-0.020171943
0.000139891
1.50745516
-0.053060417
-0.088725736
-0.276735569
-0.35855424
-1.676291045
-0.120458274
-0.191506111
-0.031666999
1.124827567
-0.199138879
-0.107589354
1.500635235
-0.226789524
1.522453286
-2.77E-05
-0.378436722
-0.370459434
-0.150612085
-0.029748929
-0.298980296
-1.324704908
-0.464486012
11.44044674
-1.782326774
0.69007758
-2.79E-05
-5.72E-05
-1.136376768
-0.116899867
-0.08940337
-1.001883746
-0.720405441
-0.076049141
-0.626929368
-1.338496075
-0.076496187
-0.813088244
-0.193304703
-3.34E-05
-1.811431649
-8.83E-05
-0.000186724
0.900061541
-5.74E-05
-1.402480396
-4.21E-05
-0.509239778
-0.74440485
-0.711037889
-0.741249
-0.093426899
-0.127879465
-0.79610321
-0.423583422
-0.471688809
-6.20E-05
-0.553425461
0.937302031
0.937337904
0.937407188
0.937416428
0.937406499
0.937370705
-0.681160024
-0.174855835
0.000124531
-0.771267602
0.000159987
-1.845374767
-5.58E-07
-0.646103696
0.844808885
-1.527880827
-0.211761295
-1.84E-05
-0.404042064
2.511645101
6.55E-05
-2.12E-05
-0.437309457
-0.770705814
0.105899786
-2.54E-05
4.370551256
4.370504229
4.370772039
-0.740985547
-0.723421364
-0.088234256
-0.317863095
9.84E-05
-0.184970523
-0.664130813
-0.381923529
-0.375979331
-1.022123498
-4.32E-05
-0.512827374
-0.920473311
-0.041359016
-2.94E-05
-0.053251224
-0.176168247
-0.479817963
-0.026496999
-0.322323257
-0.825457071
-1.562156625
0.000150767
-2.344848986
-0.790121003
4.25E-06
-0.401210458
-0.539757111
-0.142577408
-0.21566233
-0.569635493
-0.177367259
-1.415493635
-0.086527211
0.000120069
-0.766545019
6.26E-05
-0.679098864
-1.732101252
-0.038929093
-0.905150595
-0.149047134
-0.99800503
8.81E-05
-1.025455385
-0.121552882
-0.269635579
-0.276115694
-1.050417883
-0.863756808
-0.453896923
-0.155368497
-0.874399189
-0.734310119
-0.907553896
-1.081264209
-0.914384209
-0.053245379
-0.609778553
-0.15977446
-0.036855642
-0.06208448
-1.466257274
-0.145383462
-0.593411146
-1.9965313
-0.151537489
-2.62E-05
-0.555301622
1.261276976
0.015801787
-1.256657769
-0.010798101
-0.74255415
-1.363572502
-1.186622852
-0.073068559
-0.913916175
-0.839530976
-7.66E-05
-0.883706587
-1.782265305
-0.037998836
-1.3908562
-0.80231566
-0.257239567
-0.249790723
-0.154068028
-0.648231769
-0.788207067
-0.033782539
-0.075750796
-0.000174681
-1.3478746
-0.590236649
-0.55273508
2.27E-05
-0.243146169
-0.663651952
-0.047991749
-0.086420325
-1.470083895
3.47E-05
-3.22E-05
2.071162967
-0.035992975
-0.396493219
-0.069085997
-0.338972436
-0.921100909
-1.021161031
-0.199723892
-0.665772748
-1.003196213
-0.133461547
-0.912728185
-0.331511132
-0.34789115
-0.130582829
-0.054919579
-0.811818552
-0.439540767
-0.663679545
-0.499744802
-0.987578353
-1.426450574
-0.203640503
-6.03E-05
-1.21E-05
1.687516149
0.000164026
5.89E-05
-2.08E-05
1.124900527
-0.651257149
-1.389732033
-0.032819088
-1.010095037
-1.650879212
-1.231144993
-0.807846522
-1.266838937
-0.82940558
-0.09435638
-0.012934422
-0.09217182
12.11624679
10.24012448
-0.121170154
-1.361145801
-0.393134006
-0.869504841
-0.224165764
-0.099865333
-0.188196825
-1.159882414
-0.118706793
-0.047412625
-0.105421277
-1.047969327
-0.506793939
-0.946482816
2.669728027
5.28E-05
-0.446749235
-0.101527523
-1.867887322
-0.136166094
-0.697658529
-0.303258604
-1.441699037
-1.111645843
-2.79E-06
-1.023100741
3.94E-05
1.146606115
1.146759243
1.146709046
0.824713688
4.62445308
4.624514187
7.15E-05
-1.894120746
-1.435727467
-0.988406099
-0.409437801
-0.818296691
-0.161330244
-0.119784407
-0.317360907
-1.762044501
9.43E-06
0.798703962
-6.78E-05
0.798660747
2.11E-05
2.832713115
2.832809321
-0.040122181
-0.13643176
-0.647757156
-0.263738356
-0.85120462
-1.081235526
-0.239551449
-0.74149343
-0.188022524
-0.802684263
-0.800163522
-0.339299395
-0.386788557
0.08392322
2.075151362
-0.947001786
-0.331376648
-0.913039588
-0.186749305
-0.092458596
-0.608267867
0.000121805
-1.742802742
-0.418362371
-0.77711937
-0.056352281
-1.224204935
-1.67E-05
-0.000136696
10.05218635
-0.338993524
0.103621934
2.127341993
2.127320489
2.127473286
2.127229767
2.127261705
-1.060110754
-0.690086053
-0.397918231
-1.569779308
-0.691072158
-0.620946845
-0.478385782
-0.680651832
-1.647162
-0.000185701
-0.798021187
0.635239645
0.635048291
0.000121135
-2.409553798
-0.635507481
-0.777582255
3.39E-05
-0.874785762
-7.46E-05
-4.65E-05
-0.074944814
-0.149477599
-8.41E-05
-4.39E-05
4.69E-05
-5.86E-05
1.242006509
-1.082902017
6.69E-05
-0.659832345
0.891658199
0.772300089
0.847732532
0.891320721
-0.21272764
-0.265635909
-1.200707962
-1.445871287
3.12E-05
1.216667963
1.216617452
1.184729945
1.184672685
-0.146762309
-0.020074409
-1.829561594
0.123826391
-3.39E-05
-0.529293844
-0.43858452
-0.253159224
-0.852625829
-1.06173453
-0.606022616
-0.420260206
-1.16992233
-0.099396907
-0.045148238
-0.728974655
-0.090093178
-0.502237494
-1.671144357
-1.451808
-0.43723514
8.582123867
0.000130884
-0.406658374
-1.544784979
-0.000235488
-2.669890336
-0.171022411
-1.065945292
-0.679151917
-0.47764514
-0.094589885
-0.126187382
7.46E-05
-0.141611607
-0.728341131
-0.860402499
-1.603113213
-2.181657296
-0.074511511
-0.085091087
-0.705035698
-0.045568185
-0.040177386
-0.031140844
-0.592925971
-0.10968702
-0.79032487
-1.379365787
-6.72E-06
-1.792289675
-0.581902453
-0.691808664
-0.062827237
-0.046916577
-1.038073855
0.000114667
8.62E-05
-0.754793417
2.124149584
0.000105099
1.977864095
1.977813421
1.97791111
-0.240353359
-0.948787285
-0.054971829
-0.24776679
-0.024611001
-0.590934604
-0.165300763
2.24E-05
0.000196006
-1.328696698
-0.849742261
-0.646151715
-0.221052336
-1.033374908
-0.069657923
-0.000132712
-0.291872998
0.000152728
-2.063826368
-0.000184093
-1.47540039
-0.000110419
-0.00010633
-0.807784016
0.000131914
-3.51E-05
-1.48300982
-0.182886199
-4.64E-05
4.00E-05
-1.498388139
6.57E-05
-2.24E-05
-2.60E-05
0.572292763
0.572570309
-7.18E-05
-1.786371498
-0.03450526
-1.478965739
-5.24E-05
9.97E-05
-0.824821952
-0.148423903
5.63E-06
3.20E-06
1.238175309
1.31287845
1.313096999
0.00016633
-9.02E-05
4.77308955
3.289320882
3.289245119
9.97E-05
0.413581127
0.65291884
8.55E-05
0.224867439
-2.36E-05
0.079331762
0.10425893
0.305126891
-0.35663422
-0.405329657
-0.680016159
-0.683836265
-0.25785652
-1.053667907
-0.377131191
3.67E-05
-0.342104264
0.603254184
1.206477982
2.50E-05
0.000143389
3.01191706
-0.161452041
-0.705414994
-1.311480889
-0.271909859
1.98E-05
6.65E-05
-1.208141506
-0.227232821
-0.451205566
-0.025976495
-0.252297666
-0.52786372
-0.098397279
-0.13400158
-0.43846481
-0.647337306
-0.104350067
-0.076356781
-0.217009021
-0.711824092
-0.421853118
-0.096088328
8.61E-05
6.06E-05
-8.29E-05
-1.93E-05
3.228618527
-1.17269987
-0.161385235
-5.39E-05
-1.079796479
-0.4310652
-0.370209052
-0.288079981
-0.056327662
-0.00010872
-4.66E-05
1.15E-05
0.714396503
0.714465979
-1.382006804
-0.00012927
7.34E-05
-0.3547564
-0.957406597
-0.453378104
0.000188167
-1.344479264
-0.118409194
-0.958359303
-0.269803462
-0.483883698
-0.208346247
-0.80442456
8.05E-05
-0.273631104
-0.184743319
-0.16760873
-0.356843714
-0.444138129
-0.026560978
-0.21263768
-2.397438313
-0.390647279
-0.077951362
-1.219584162
-0.188435546
-0.293138242
-1.409665274
-8.13E-05
1.778946915
5.523010959
5.523229118
-0.529655147
-0.51232717
-0.09159111
-7.87E-06
-1.668297525
-0.852427878
-0.180251033
-1.263594082
-0.000120346
6.26E-05
-1.915044573
-0.705285033
-0.666302131
-0.65097173
-5.19E-05
-3.98E-05
-1.695366745
-0.019054812
-1.348005963
-2.09E-05
2.42E-05
-1.757250332
0.608309146
2.971462543
2.971658448
1.828068396
1.82796713
1.828292414
-0.862170225
-0.512401803
-0.13493186
-0.132008296
0.00011322
1.069618434
5.72E-05
0.780824056
-0.311781418
-0.283993932
5.07E-05
-0.349629584
3.81E-05
0.045114251
0.072049218
0.044927501
7.97E-05
6.40E-06
-7.05E-05
-0.000119284
0.083764655
-1.105931845
-0.000175137
-0.604313865
0.000172924
-0.826819667
2.75E-05
-0.676002304
-0.205690265
6.44E-05
-1.96E-05
0.62654713
0.626649347
0.626879407
4.97E-05
-1.29E-05
2.465608291
2.465731961
-0.541957871
-1.307370324
8.55E-05
-0.410936731
-0.922812226
-0.085718879
-0.26291974
-0.294990706
7.72E-05
5.92E-05
-7.88E-05
-0.702219063
-0.000125482
-0.660685894
-0.333840759
-0.582250004
-0.047329507
-0.154372542
-0.176022657
-0.279337987
-0.017974947
-3.45E-05
5.99E-05
-0.260625844
-1.21198414
-0.336064955
-0.343917986
-0.291623413
-0.000131026
9.24E-06
-1.588007901
-0.177019175
2.519402642
-1.78E-05
-1.21752119
-1.079490819
5.75E-06
-1.518219138
-1.359066724
-0.780009383
0.000298688
-0.389331141
-0.092996615
4.04E-05
6.92E-05
1.625368109
1.625512625
1.625353242
1.625473025
1.625574924
-0.156505871
-0.357811675
-0.009508689
-1.38047568
0.000171468
-0.855708305
-1.358239328
-5.32E-05
0.223484234
0.472672423
-0.000150926
-0.433883676
-0.76997711
-9.95E-05
1.90E-05
0.290815357
0.075125995
-1.22E-06
3.05E-05
-0.92314552
6.96E-05
-2.355086556
2.01E-05
-0.938792787
-2.74E-06
2.11E-06
-1.246446843
1.87911298
1.81E-05
2.03E-05
-2.831567174
-0.720350039
-1.407997316
-1.06673819
-1.059770756
-0.928639356
-1.061204744
-7.38E-05
-4.61E-06
0.670887403
0.671056029
0.67087183
0.831987026
0.681130451
-0.82679563
4.10E-05
-0.511578172
-1.010236377
-0.037709668
-1.164104465
8.23E-05
-1.608562379
1.598888284
1.655157295
1.655209067
1.655296191
-1.43E-05
-2.14749354
-0.040946446
-0.534294017
-0.74218286
-1.010610968
-0.700827591
-2.106742941
-0.767060597
4.32E-05
-5.09E-05
-3.794277148
13.50531684
-2.125019261
-1.180531788
-0.586196565
2.21E-05
-0.920529087
0.508629559
0.50849436
1.95467006
1.954563213
-0.121368706
-0.497138436
-1.497111891
7.50E-05
-2.78E-05
-0.06625283
-1.646743921
0.000147302
-2.23549845
-0.63944709
-0.05153653
-3.86E-05
0.162600184
2.059764154
2.05967515
2.059845498
3.79653014
0.588510067
0.588431944
0.588415252
0.588406757
-0.599600512
-0.976850899
-1.437753187
0.101609307
-0.594699825
-0.000143737
-0.440445241
-0.035922172
-0.26215112
-0.585801019
-4.24E-05
-1.638313939
-0.783845898
-0.000155159
-8.51E-05
-1.375434114
1.103109949
1.102860654
1.102899051
1.102900576
0.874745792
0.874746838
3.33755589
0.000102154
-0.911183771
-1.125309298
-1.246713062
4.53E-05
-1.224875982
-0.582986136
-0.914381162
-0.020855062
-2.159127052
-0.000101403
-1.689173576
-0.000159878
0.068915056
6.79E-05
0.348911562
0.074945383
2.302961893
2.30312913
2.302897437
-0.86115225
-0.000121053
2.58E-05
-2.167772999
-0.359501661
-0.205436512
1.43E-05
-4.89E-05
-2.13E-05
7.628603203
1.780118436
1.780080603
-0.839072471
-1.048865532
-0.925586267
-0.76395625
-0.481055021
-0.012620756
-1.412665272
-1.69554272
-0.869911152
-0.496248698
-0.307689115
-1.114387844
-0.452628366
-6.41E-05
3.97E-06
-0.508408726
-0.332068164
-0.773491487
-1.516217745
-0.382636151
-0.150893474
-0.478538435
-0.423904621
-1.076882616
-0.801427026
-0.786982645
-0.380265555
-0.987655158
-1.995119205
-0.092102591
-2.205090379
-0.718284603
-0.326174643
-0.356125573
-2.50E-05
-0.909326862
-0.501375959
-0.590045753
-0.868563807
-1.271611917
-0.429959577
-1.460328345
-1.246412196
0.000111027
-6.74E-05
0.000151439
3.037558973
0.903834138
0.903805828
0.903863944
-0.284543191
-0.458718475
-0.393841578
-4.77E-05
-0.423091008
-0.886768197
-0.159857294
0.000157291
4.63E-05
6.52E-05
-0.000114417
-1.09463868
0.21202143
0.212003367
0.424552978
-0.637718381
-1.019095234
-0.159617743
-1.043724263
-0.938338013
-1.012196367
-0.183836638
-0.543518388
-0.691673946
-0.244193697
-0.064879998
-1.27E-05
9.93E-05
-0.077046071
0.963887138
0.964151996
1.928164776
9.18E-05
-0.862264551
-0.287672196
-0.69317447
-0.301965459
-6.81E-05
9.23E-05
0.000103918
0.378340892
0.378389229
0.378560994
0.000302777
4.01E-05
7.37E-06
9.10E-05
-1.076985157
-1.092102383
0.000109061
-1.847955805
-1.96E-05
8.37E-05
3.129627013
3.129527446
3.129765829
3.129574126
5.948746296
5.910760698
5.910842501
5.910251453
0.162359505
2.245917656
2.24589079
2.245739133
1.024345934
-0.142829103
-0.809680569
5.67E-05
-4.68E-05
0.000129522
1.069785247
1.069530588
1.069705752
1.069602027
1.069679319
1.831473158
1.831515215
-0.522476435
-0.947357963
-0.855991048
-1.352247307
-1.11809005
-1.607265598
5.413003498
8.38E-05
-0.520361988
-0.073129536
-0.704084872
-0.254919405
-1.057285492
-0.568286982
8.759623468
7.85E-05
-6.99E-05
-0.696754782
-1.777289816
-0.532618366
3.720895191
-0.536555604
-0.000160768
-2.156836915
-0.085906261
-0.429226935
1.021181865
0.000153707
3.43E-07
-0.978874117
-0.482226484
0.689196101
-7.26E-05
-0.906360693
-1.28E-05
-1.398849596
-1.059598728
-0.417995302
-1.56464752
2.8868576
-0.000100333
-0.469282509
-0.355627727
-0.229512948
-0.10814899
-0.119924902
-1.020063478
-0.374046566
-0.300725065
-0.098151524
-0.053747997
-0.272643026
-0.076099881
-0.151615353
-0.239233357
-0.698662741
-0.184265827
3.27E-05
-1.031030971
-0.173507801
-0.107202769
-0.068969163
0.330108726
-0.50757981
-0.393911101
-0.240617913
-0.256428551
-7.63E-05
7.41E-05
-0.77962509
-0.000113081
-5.16E-05
0.000101588
-2.10E-05
-0.113073703
-0.731263923
-0.126156107
-0.527890963
-0.27318141
-0.000124214
1.86E-06
-0.000137227
1.721966091
-1.09E-05
1.721867301
1.722012343
4.99E-06
3.91E-05
-0.151882303
-0.209566555
-0.161416534
-0.338032618
-0.105599623
6.25E-05
-0.00021542
-5.25E-05
0.000155141
-0.101717403
-0.068717691
-9.59E-05
-2.60E-05
9.223387029
-1.25E-05
-0.000139178
2.342467712
2.342649636
2.342534051
2.342371411
-0.260444493
-1.82E-05
-3.36E-05
8.62E-05
-0.212351999
-0.000189179
8.952049163
-0.214821191
-0.152121777
-0.118612002
-0.049004661
-1.85E-05
-1.468177377
-0.111704676
0.000229703
-1.80E-05
0.854988172
-0.125393152
-0.04758911
-0.081339775
-0.46531058
-6.48E-05
-0.998879262
-0.092099656
-0.439271557
-0.20408216
-0.871125646
-5.43E-05
-0.243977022
-4.26E-05
2.275126815
-0.366131456
-0.480200348
-0.791540425
-0.293972232
-0.175352084
-0.202077577
-0.451605957
-3.54E-05
0.000206172
-2.80E-05
6.581513953
6.581802529
6.581417353
-0.219311711
-0.812093954
-0.100431007
-0.243131909
4.15E-05
-0.209429344
-0.229511615
-0.060320585
-0.061485421
-0.498995148
-9.41E-05
6.36E-05
-0.085066177
-0.173797886
-0.463535094
-0.385433957
-0.263117137
1.741154933
-8.50E-05
-1.97E-05
-8.00E-05
-3.14E-05
0.363167028
0.452972575
0.463443434
0.429897663
0.489259781
0.52710086
0.446528406
0.617727451
0.676324542
0.475756776
0.508119412
0.315203126
0.495604347
0.558244143
0.451095276
0.501697852
0.389575144
0.411149118
0.373616823
0.504159017
0.621049958
0.479026681
0.637422174
0.429172094
0.522319006
0.690417482
0.324277373
0.452401872
0.338155801
0.533283718
0.458621251
0.553250207
0.467106261
0.518975273
0.576323252
0.548670532
0.368141437
0.633290061
0.728332311
0.406098801
0.50492323
0.504923221
0.561565267
0.309496921
0.336155977
0.374069222
0.531801199
0.531801203
0.531801194
0.620425217
0.646180638
0.605439091
0.460357131
0.382553365
0.44510534
0.39322884
0.393228828
0.571749745
0.571749745
0.571749756
0.469882856
0.469882849
0.469882853
0.339456706
0.508822755
0.640445453
0.494281078
0.481345603
0.616542933
0.700808925
0.384681929
0.548519087
0.657788536
0.623281412
0.575649651
0.384681925
0.384681954
0.566466507
0.07553813
0.577142915
0.436023314
0.664276574
0.595002292
0.481962068
0.498850966
0.464154051
0.483923519
0.560111033
0.390899285
0.48619143
0.214342617
-0.306345741
-0.332173996
-0.371809879
-0.332173986
-0.332173991
-0.332173975
-0.302404587
0.17540539
-0.027466898
0.128898795
0.183912318
0.226000106
0.227497677
0.166816286
-0.351012193
-0.476571592
0.18141358
0.196709289
0.181413577
-0.028437214
-0.247504605
-0.281990868
-0.219200744
-0.207198699
-0.015938926
0.202896225
-0.313461289
-0.068847795
0.180086829
-0.377658293
0.245326403
-0.29156567
-0.402860464
-0.46563061
0.231044065
-0.020418771
-0.355680487
-0.38018674
-0.30715086
-0.293663797
0.26437932
0.311219958
-0.470650936
-0.392860104
-0.037694948
-0.459207186
-0.38755581
0.207078095
0.048658385
-0.362796383
-0.18920488
0.189225243
-0.288683705
0.00219198
-0.012299394
0.002191959
0.077963196
0.271759173
0.332269171
-0.340749281
0.111591075
0.153257035
-0.448057979
-0.311276262
-0.392181332
0.282191808
-0.015407201
0.018283093
-0.45929882
0.025079637
0.089294624
-0.428047064
0.326115049
0.360697051
0.36069707
0.34274029
-0.311157486
-0.250918602
0.158700806
-0.247922496
-0.394401661
-0.025099192
0.003432938
-0.025099214
-0.025099203
-0.284719133
0.284182725
0.023314521
0.086172357
-0.323874008
0.170873983
-0.419298834
0.212247589
0.212247601
0.212247581
0.264855594
0.2759346
0.223898648
0.267463362
0.31249934
-0.351451485
-0.376152862
-0.351451502
-0.351451516
-0.351451498
-0.414121079
-0.391917322
-0.008191764
-0.050448065
-0.330297367
-0.105526219
-0.1061885
-0.239395734
-0.262467368
-0.168603835
-0.202498465
-0.157422288
-0.148617037
-0.194485329
-0.152153884
-0.304666578
-0.326991518
0.275957913
-0.432826475
-0.432996242
-0.420393796
0.148735616
0.177980461
-0.412302986
0.017009613
0.065250659
0.0351117
-0.299401418
-0.340334046
-0.382664077
0.443913741
0.472336291
-0.369882891
0.293886614
0.331181637
0.102027557
0.21948841
-0.355661074
-0.427586329
-0.421976737
0.264529309
-0.271411902
0.465434981
0.377466638
0.469979167
0.250735404
0.223409966
0.326999137
0.135179591
0.44648632
0.298561578
0.216714084
-0.079903631
0.11103625
0.103448677
0.159456246
-0.239749977
0.064992919
0.301917743
0.285024943
0.499448221
0.667794419
-0.053914906
0.006060039
0.314472683
0.411839539
0.362736005
0.162162916
0.245565765
0.436049508
0.245565754
0.245565763
0.245565769
0.146230761
0.409473992
0.017991246
0.239490163
0.146551484
0.116792643
-0.383918535
0.285275187
0.296498117
0.339409458
0.387512471
0.384552006
0.3433074
0.465450992
0.484918207
0.444422491
0.394399101
0.415976111
0.442199196
0.549742308
-0.008133524
0.417546668
0.471816671
0.24100984
0.39200201
0.472970411
0.088370016
-0.304178613
-0.260151817
0.056345627
-0.330400361
0.269789584
0.307481041
0.341366366
0.393349259
0.42076359
0.268199515
0.338189013
0.442534656
0.440723115
0.562110611
0.440723117
0.174844579
0.126081085
0.116362161
0.103244985
0.301744597
-0.370857344
0.354587597
0.500971873
0.384455326
0.418473548
0.545255336
0.254798377
0.146040113
-0.150005817
0.099469925
0.399604565
-0.151986626
-0.052618126
-0.035225969
-0.389429898
-0.311910167
0.443488412
0.582466422
0.477581056
0.620574353
0.620742657
0.156642912
0.383705271
0.495474011
0.548918455
0.565745999
-0.246834506
-0.219860967
0.475480764
0.631297911
-0.349833587
-0.397692235
0.097056616
-0.349682475
0.47476
0.447100846
0.468146263
0.43271696
0.375032123
0.05521582
0.373733581
0.361561546
0.424290866
0.488564777
0.350652425
0.079698224
0.243709674
0.231836653
0.451687005
0.056591481
0.080288181
0.064458852
0.347981076
0.143507854
-0.285040234
-0.271405226
-0.590696638
-0.318337468
-0.395608013
-0.318974629
-0.603494219
-0.329213082
-0.142713542
-0.090216876
-0.351436645
-0.530127609
-0.577855386
-0.254132968
-0.281692602
-0.248320293
-0.183652817
-0.186190418
-0.506233087
-0.221245316
-0.493220668
-0.390964342
-0.285637029
-0.105712419
-0.176629743
0.030397066
-0.602331773
0.00719404
-0.024580815
0.067835746
-0.354170841
-0.298930428
-0.375331434
-0.576287367
-0.197446905
-0.330423128
-0.214205546
-0.219841824
-0.397929053
-0.460975986
-0.476707057
-0.567143947
-0.354161299
-0.330614139
-0.179689077
-0.260561145
-0.305450688
-0.490201747
-0.384023009
-0.324308003
-0.290180604
-0.215777974
-0.213027072
-0.218595687
-0.176616766
-0.025969138
-0.122700587
0.032127529
0.015524323
0.078738342
0.059547543
0.097419133
0.046897305
-0.183653924
-0.09391196
-0.610356407
-0.456932802
-0.598862638
-0.180613744
-0.226410564
-0.305861842
-0.173983552
-0.401304754
-0.446115279
-0.401304747
-0.295906256
-0.33513892
-0.184240215
-0.515485712
-0.102842504
-0.167413573
0.019808976
0.010148323
-0.041237604
-0.066274824
-0.390601892
-0.194196381
-0.595676815
-0.454801787
-0.454801759
-0.407857424
-0.45480176
-0.386967351
-0.429073491
-0.402689084
-0.454801768
-0.395748174
-0.454801769
-0.221036076
-0.172439815
-0.373442119
-0.351899735
-0.616814388
-0.157419198
-0.097539932
-0.341462455
-0.592816967
-0.132537538
-0.212312097
-0.424767905
-0.500974508
-0.283448395
-0.313149974
-0.353453112
-0.242112071
-0.242780037
-0.208009525
-0.323615553
-0.352817706
-0.178365737
-0.516769675
-0.580871517
-0.212144003
-0.41906723
-0.181994209
-0.311256236
-0.346702971
-0.538645399
-0.319142296
-0.342505641
-0.239443419
-0.255954564
-0.23944342
-0.22439287
-0.225135132
-0.220647839
-0.239443433
-0.239443444
-0.296779692
-0.180484862
-0.234897837
-0.141159952
-0.302290234
-0.31691659
-0.158781397
-0.319071291
-0.351706076
-0.349028829
-0.151408082
-0.18945608
-0.201521916
-0.175109989
-0.167283042
-0.514301414
-0.478580816
-0.203944384
-0.554959952
-0.076544618
-0.151013347
-0.0288371
-0.024502719
-0.010558471
-0.076544629
-0.461815343
-0.139256252
-0.069866014
-0.510469995
-0.156499396
-0.255484962
-0.162685129
-0.413083238
-0.259059069
-0.095634993
-0.366640193
-0.321456623
-0.256155228
-0.192738965
-0.188055364
-0.355546107
-0.179932007
-0.033319462
-0.116275792
-0.199337951
-0.334722926
-0.367147911
-0.53260824
-0.380947433
-0.264148946
-0.349605291
-0.367832532
-0.3031643
-0.209723329
-0.258610658
-0.401700461
-0.248315975
-0.271683964
-0.305795076
-0.496168115
-0.385964016
-0.223696728
-0.486725218
-0.411546274
-0.012492586
-0.507533743
-0.473290344
-0.261907634
-0.419924079
-0.170409137
-0.343818549
-0.332094145
-0.412446252
-0.434106067
-0.103218354
-0.134447161
-0.073284344
-0.297107808
-0.36155339
-0.297107793
-0.266223184
-0.351411896
-0.440441765
-0.453558124
-0.456285592
-0.255464912
-0.413449213
-0.422622289
-0.477998694
-0.377004231
-0.415966232
-0.377004254
-0.377004232
-0.365605459
-0.365239886
-0.371829791
-0.361602749
-0.366299133
-0.364396209
-0.476531257
-0.357919778
-0.115026845
-0.153220729
-0.30819135
-0.382602629
-0.302519914
-0.381786087
-0.288725969
-0.361098721
-0.473348148
-0.293691864
-0.130468395
-0.145260206
-0.130468399
-0.082042833
-0.393876482
-0.434805254
-0.493696791
-0.571637072
-0.343450832
-0.41721674
-0.341596853
-0.343450839
-0.296423169
-0.294063051
-0.290916235
-0.485911806
-0.243423012
-0.477591922
-0.081147099
-0.471483275
-0.290568388
-0.510282377
-0.527686088
-0.425739226
-0.26561463
-0.291760011
-0.281181911
-0.473179488
-0.369573715
-0.445198939
-0.479189506
-0.467055143
-0.381311377
-0.305694006
-0.305694018
-0.497553689
-0.373293331
-0.431040655
-0.435274276
-0.335259401
-0.470511343
-0.456848695
-0.445169547
-0.455870445
-0.470696838
-0.471203551
-0.191276206
-0.388537048
-0.46291058
-0.432590785
-0.490905473
-0.490905465
-0.490905472
-0.449957214
-0.469396281
-0.206045827
-0.498384073
-0.245427303
-0.436529181
-0.47154816
-0.427886638
-0.488207816
-0.466601114
-0.041126154
-0.237708398
-0.088557211
-0.095255248
-0.4941647
-0.243731683
-0.233463432
-0.433823218
-0.503831756
-0.256249091
-0.490743186
-0.177090063
-0.472523874
-0.187760282
-0.228338196
-0.233807607
-0.085427086
-0.176575642
-0.360232343
-0.22718708
-0.251774212
-0.508484132
-0.274673838
-0.4274406
-0.274994303
-0.430892431
-0.265327406
-0.460250922
-0.468817242
-0.494453582
-0.494753302
-0.502132839
-0.21144631
-0.280184565
-0.479713577
-0.312930259
-0.293137937
-0.125057527
-0.144047715
-0.4743902
-0.474162257
-0.248693866
-0.411119743
-0.497957169
-0.302883071
-0.250788627
-0.345201725
-0.398460656
-0.310914145
-0.343757234
-0.509731452
-0.177903712
-0.148316213
-0.361089993
-0.392050134
-0.476848914
-0.34470856
-0.420753246
-0.173970004
-0.464085257
-0.484602691
-0.279792812
-0.305768945
-0.491786156
-0.266390521
-0.508937901
-0.484942823
-0.402135669
-0.427330046
-0.129931723
-0.487389145
-0.488779682
-0.268689078
-0.265755461
-0.201838404
-0.227538761
-0.464775059
-0.445805856
-0.162736874
-0.19298357
-0.150181901
-0.451473355
-0.234922237
-0.255485664
-0.380574121
-0.498107759
-0.219655842
-0.249827594
-0.178585948
-0.200466782
-0.195516509
-0.259273951
-0.458436159
-0.299600691
-0.447385322
-0.490771129
-0.483303107
-0.448385174
-0.459410681
-0.463392604
-0.425301688
-0.456568023
-0.432826677
-0.281345075
-0.432345622
-0.309511369
-0.497836629
-0.448797225
-0.174337939
-0.504227515
-0.451498243
-0.476067539
-0.492718951
-0.224976591
-0.479294821
-0.470634033
-0.450376674
-0.252194315
-0.048667712
-0.00576888
-0.0321977
-0.143500272
-0.172654802
-0.203110271
-0.203110269
-0.114227782
-0.445411938
-0.491866168
-0.242270525
-0.276016873
-0.461229912
-0.390294577
-0.453634044
-0.475055416
-0.500467304
-0.464502071
-0.451820469
-0.24770102
-0.401545492
-0.39112355
-0.481731358
-0.459377208
-0.201073497
-0.226071635
-0.124498466
-0.154890648
-0.204832321
-0.433074769
-0.463783887
-0.291630736
-0.380925183
-0.390014353
-0.299672988
-0.248310568
-0.492715897
-0.490953901
-0.468041741
-0.31846083
-0.235678871
-0.470793102
-0.221845847
-0.183263881
-0.207171463
-0.130479949
-0.138623156
-0.18326388
-0.442223868
-0.300966735
-0.205715944
-0.478678562
-0.381351643
-0.494580299
-0.317467976
-0.44519028
-0.412405066
-0.345819479
-0.505466432
-0.360300356
-0.406322581
-0.360300349
-0.347891994
-0.334761108
-0.339107482
-0.334833619
-0.278768644
-0.299486868
-0.365513751
-0.436043514
-0.383822959
-0.478899444
-0.459773479
-0.499339354
-0.469671567
-0.506455428
-0.421090756
-0.430942056
-0.264979628
-0.451429008
-0.48881707
-0.222534423
-0.277559172
-0.207415037
-0.222534426
-0.208069971
-0.37043052
-0.44595593
-0.311819892
-0.311791571
-0.350289308
-0.279959973
-0.297869505
-0.485208014
-0.448369376
-0.455305166
-0.459513255
-0.463779151
0.015265372
-0.499987676
-0.455439677
-0.214255706
-0.394793337
-0.482470186
-0.495051765
-0.466664714
-0.44557567
-0.366338472
-0.509438707
-0.356773642
-0.445594741
-0.032247825
-0.391098414
-0.465073407
-0.381487722
-0.438128344
-0.478057629
-0.457265876
-0.499089115
-0.400212523
-0.487913096
-0.461668643
-0.164718789
-0.204137588
-0.052135279
-0.234694171
-0.250794328
-0.231277274
-0.214526448
-0.192720599
-0.186955325
-0.188359416
-0.203868155
-0.184445016
-0.450228451
-0.439334674
-0.504189211
-0.496820168
-0.448192136
-0.446554705
-0.456418581
-0.285066779
-0.280097048
-0.477079501
-0.325492304
-0.353473591
-0.316370819
-0.315100433
-0.383582837
-0.427888046
-0.481540442
-0.471218131
-0.227173209
-0.250169239
-0.242707238
-0.273546462
-0.2966883
-0.282782187
0.048849181
0.087752269
0.038269846
0.078268057
0.078268048
0.06212617
-0.434834146
-0.234825785
-0.296126865
-0.20847304
-0.2193875
-0.21771918
-0.209275388
-0.279431683
-0.431296724
-0.463404237
-0.195979341
-0.249318
-0.468261664
-0.156071101
-0.17577212
-0.11731022
-0.11687224
-0.121519658
-0.12351553
-0.136985571
-0.428702635
-0.437091282
-0.48076111
-0.468593997
-0.480761117
-0.477565169
-0.41123307
-0.42552863
-0.44692679
-0.466288368
-0.386058222
-0.47331156
-0.362787694
-0.480502188
-0.422953948
-0.211632777
-0.302949784
-0.455741716
-0.375195864
-0.481862467
-0.424082172
-0.463437285
-0.451476497
-0.307118945
-0.375268916
-0.298745886
-0.450867986
-0.373053572
-0.432595005
-0.445886481
-0.190302158
-0.212740353
-0.403291062
-0.408610467
-0.323059037
-0.105770709
-0.471769621
-0.251087339
-0.284263792
-0.333418808
-0.236719741
-0.475226647
-0.493874577
-0.376054255
-0.441307009
-0.277312289
-0.495771471
-0.478059173
-0.459079586
-0.291236438
-0.190541285
-0.051390112
-0.31018481
-0.322332452
-0.449952129
-0.369966562
-0.27491107
-0.483777094
-0.340337387
-0.403447548
-0.425343536
-0.506284431
-0.447014881
-0.035009864
-0.321673932
-0.358480313
-0.360639912
-0.143848715
-0.103031246
-0.162494337
-0.11748864
-0.143848722
-0.115269506
-0.096025508
-0.110562331
-0.282590064
-0.224070402
-0.381133152
-0.268520248
-0.347806763
-0.363358125
-0.333423505
-0.331631644
-0.343397257
-0.237887419
-0.192347887
-0.239552431
-0.304981503
-0.368242328
-0.364145194
-0.3478108
-0.269759266
-0.342906583
-0.192976974
-0.029457279
-0.074430709
-0.380327717
-0.217966505
-0.261844076
-0.316778871
-0.274189509
-0.321904502
-0.202845468
-0.272269516
-0.339079035
-0.202845453
-0.20284548
-0.339501164
-0.363203863
-0.215231306
-0.273303915
-0.353672947
-0.215231311
-0.215231311
-0.21523131
-0.200692348
-0.215231324
-0.198505771
-0.183365806
-0.389850591
-0.177132921
-0.228524891
-0.270329181
-0.323925191
-0.378690954
-0.35078152
0.016202348
-0.031933201
-0.093154277
-0.321797838
-0.185098912
-0.229501913
-0.298898523
-0.17005479
-0.146447155
-0.174890153
-0.185098913
-0.163882451
-0.164066269
0.045862822
0.007623498
-0.029793874
0.101421705
0.063690818
0.070203642
-0.217300111
-0.169104042
-0.052025783
-0.302458221
-0.297701959
-0.254513002
-0.30245823
-0.294945481
-0.275710097
-0.272222061
-0.369207927
-0.213417836
-0.350254977
-0.341633727
-0.342334276
-0.289838711
-0.359498903
-0.35980894
-0.362494541
-0.365437899
0.033022843
-0.013915444
-0.105576078
0.047640823
0.056539501
0.044642411
-0.15847903
-0.180176894
-0.227637999
-0.125980642
-0.127088918
-0.331861449
-0.350562732
-0.389955067
-0.367160486
-0.358577895
-0.140383372
-0.201479074
-0.263122739
-0.319202791
-0.359922377
-0.099865118
-0.346990852
-0.308843605
-0.320323901
-0.344709957
-0.255741266
-0.389416169
-0.369472842
-0.341620355
-0.362067914
-0.366272198
-0.240265655
-0.327916612
-0.059895375
-0.338263591
-0.382553081
-0.398299711
-0.279394223
-0.30845317
-0.17598637
-0.238344652
-0.299889106
-0.175986353
-0.118258982
-0.120389867
-0.133698624
-0.17598636
-0.165585859
-0.372638188
-0.137377438
-0.291677643
-0.333171338
-0.329176153
-0.349170161
-0.23152186
-0.396013414
-0.147266454
-0.348933879
-0.344523477
-0.160840271
-0.221057524
-0.265960394
-0.149038339
-0.147688136
-0.155303662
-0.150502874
-0.381285565
-0.171553676
-0.242796907
-0.299542577
-0.042801875
-0.077558652
-0.364493665
-0.352278483
-0.338807665
-0.27430439
-0.330499186
-0.360233439
-0.342448248
-0.337904656
-0.386428482
-0.133010637
-0.36708488
-0.363194788
-0.3333956
-0.34359546
0.000544961
-0.045622992
-0.196969987
-0.348643954
-0.122368732
-0.159151353
-0.335239615
-0.092325059
-0.322569882
-0.213951992
-0.294231376
-0.343026834
-0.369003507
-0.386132201
-0.280086649
-0.379255754
-0.365318143
-0.342989393
-0.152383712
-0.350139959
-0.360945403
-0.344616551
-0.138365396
-0.174704004
-0.22435989
-0.058701764
0.013903721
-0.099152092
-0.050218321
-0.386877978
-0.34337958
-0.360442404
-0.343135017
-0.240738412
-0.284543493
-0.329348652
-0.361215708
-0.371173192
-0.415781623
-0.352587466
-0.188208846
-0.255460881
-0.32078416
-0.348292921
-0.29499287
-0.353342172
-0.224233825
-0.252070657
-0.325393485
-0.258522381
-0.36173504
-0.140237099
-0.218277537
-0.306774418
-0.111567915
-0.104943534
-0.091590372
-0.099138482
-0.119108307
-0.12438661
-0.108261888
-0.093965359
-0.372045716
-0.378321483
-0.272044438
-0.120272573
-0.191908747
-0.230527793
-0.313384606
-0.185146019
-0.168527268
-0.191908731
-0.183801949
-0.38475018
-0.318965048
-0.120039815
-0.146587775
-0.08653076
-0.075707367
-0.04680186
-0.078697609
-0.044042851
-0.086530767
-0.086530751
-0.08653074
-0.086530741
-0.051460743
-0.369951819
-0.387911387
-0.265531884
-0.32025266
-0.226289296
-0.271480689
-0.355946084
-0.305869136
-0.363303548
-0.345387311
-0.331856407
-0.375272561
-0.287243722
-0.358452227
-0.356485005
-0.346160758
-0.358037855
-0.17870831
-0.23567357
-0.281636248
-0.173093074
-0.173907785
-0.165641638
-0.174789167
-0.214912888
-0.258099788
-0.174789151
-0.121482873
-0.159115411
-0.130013848
-0.120841847
-0.343986228
-0.368030699
-0.263466405
-0.327519109
-0.33786048
-0.068444865
-0.323827983
-0.351606452
-0.367049032
-0.250934737
-0.245486028
-0.275794679
-0.311603814
-0.337573709
-0.339711631
-0.199835603
-0.246307612
-0.361181947
-0.354470656
-0.271449971
-0.183711746
-0.099505198
-0.395307283
-0.153861705
-0.370076947
-0.356337961
-0.353214938
-0.21802737
-0.26514884
-0.336300094
-0.391456912
-0.357576056
-0.257424438
-0.288523405
-0.268154164
-0.132468103
-0.221692649
-0.268034856
-0.304426527
-0.356774225
-0.294645057
-0.202597731
-0.239592815
-0.320431013
-0.358183261
-0.325521801
-0.274539165
-0.298935647
-0.378569225
-0.303562406
-0.34983807
-0.193729464
-0.186992075
-0.048874843
0.154350323
0.07558636
-0.008111735
0.194874025
0.177383643
0.189054743
0.190842797
0.194971555
-0.157755692
-0.140032148
-0.098400614
-0.12007257
-0.084368333
-0.084368347
-0.030688924
-0.101880748
0.01565281
0.001276424
-0.04581563
0.027539918
0.042440701
0.032131129
0.026676181
0.015652791
-0.031773939
-0.105155849
-0.08962902
0.018176824
-0.033137728
0.072186426
0.035573825
0.034256066
0.018176825
-0.049022885
-0.094073098
0.041808036
0.011629503
-0.066513764
0.048339801
-0.017095947
0.031074442
0.01292749
-0.042849207
0.067739577
0.04798811
0.035702284
-0.004672269
-0.08555634
-0.151049129
-0.097338134
-0.07061725
0.00938071
-0.097499301
-0.064680998
-0.041527878
-0.121613146
0.06074894
0.043320702
0.009047393
0.077179302
0.075770408
0.076964598
0.076145576
0.07767609
0.075651425
-0.132392114
0.033814268
-0.029642184
-0.05233446
-0.007761958
-0.024475406
0.041869497
-0.003685894
-0.027682176
0.151996409
0.109817519
0.028203629
0.178777994
0.187533559
0.187848072
0.180449305
0.058249802
-0.002077418
-0.032079131
-0.066254348
-0.04784198
-0.121240482
-0.11226493
-0.14200101
-0.100471092
-0.09023893
-0.103469615
-0.111164193
0.113297798
0.091520602
0.067215024
0.262263455
-0.064415727
-0.086292245
-0.121868578
-0.070513533
0.162715186
0.07888399
0.003932363
0.177852713
0.185805634
0.181874159
0.199754866
0.200673516
0.185681736
0.207084613
0.184176706
0.184176701
-0.11119905
-0.097055479
-0.115267995
-0.062368799
-0.120242694
-0.120242685
-0.12024268
-0.00371918
-0.088631452
0.1412853
0.027845102
-0.018594467
-0.099685716
-0.021526614
0.167540094
0.078591971
0.012837793
0.176246843
0.195285585
0.202391889
0.205852352
0.207253033
0.194001006
0.194959518
0.190705396
0.182744352
0.187622173
-0.124453096
-0.052831927
-0.12101077
-0.09936393
-0.082008608
-0.112566344
-0.038406163
-0.066515417
-0.113525702
-0.08310113
0.028071434
-0.120088586
-0.088388427
-0.027946752
-0.085587196
-0.102244314
0.046061003
0.003755416
-0.055973567
0.063740483
0.073512171
0.065957301
0.063972103
0.078155377
0.085048524
0.066592547
0.062822181
0.087513996
0.034169062
-0.003106683
-0.116912944
-0.040194487
0.026959154
-0.017268427
-0.101985789
-0.119963501
-0.071513115
-0.095849919
-0.119102912
-0.124743423
-0.106013734
0.085420207
0.04087866
0.111637586
0.037163606
-0.050552631
0.114542313
0.137214514
0.111637546
0.124407483
0.11366689
0.146368321
0.151895739
0.133286702
0.125548285
-0.106458699
0.044069139
-0.028782339
-0.09358644
-0.157008103
-0.031559459
0.166085648
0.108480278
0.035923747
0.166085621
0.236499446
0.214833667
0.205034198
0.194086597
0.211602779
-0.040321149
-0.073803276
-0.125881886
-0.097101586
-0.098347805
-0.151237981
-0.069882179
-0.097898553
-0.092677452
-0.073542516
-0.093008846
-0.101647242
-0.128885335
-0.086074632
0.070249198
-0.003727339
-0.045467814
-0.090794019
-0.020436314
-0.015976557
-0.160683155
-0.121174111
-0.145542885
-0.117380384
-0.101198297
-0.043570196
-0.03097296
-0.099599993
-0.109989354
-0.108114854
-0.07448697
-0.061596853
-0.12615579
-0.13473941
-0.037594702
-0.113654856
-0.09545319
-0.0788637
-0.15474215
0.054229063
-0.003195011
-0.133767052
-0.061739967
-0.080554034
-0.058295686
-0.080990849
-0.069803504
-0.037383509
0.068915456
0.034834119
0.160954189
0.105550502
0.009316496
0.184374069
0.201430824
0.173599749
0.197390402
0.18270202
-0.125984098
-0.07134086
-0.026976679
0.002085028
-0.027242738
-0.100808616
-0.052334855
0.067175024
0.00959131
0.067175037
0.067175031
0.094538113
0.013797176
0.094538115
0.113544867
0.138274664
0.132396716
0.134858219
0.124605456
-0.132912681
-0.127495014
-0.074892141
-0.028136861
0.013331197
-0.108702781
-0.123396002
-0.088072142
-0.107656304
-0.081832615
-0.135032824
-0.053611145
-0.006840477
-0.027528946
0.102582909
0.051997924
-0.020068861
0.123494225
0.122462642
0.102582906
0.139189785
0.125182576
0.067736499
-0.000153607
-0.117105504
-0.112856549
-0.074976346
-0.03771722
-0.078047474
-0.105770831
0.109123111
0.080280229
0.021210889
0.117196016
0.120033272
0.120089994
0.114468492
0.048425191
0.019613099
0.063312452
-0.095799822
0.121996724
0.068936942
-0.031493121
0.121996749
0.134814006
-0.066376829
-0.070370535
-0.075815405
-0.016417185
-0.126652787
0.085323172
0.008754383
-0.083192715
-0.118173567
-0.065342795
0.166733591
0.098279952
0.03350227
0.184353261
0.208858002
0.222565661
0.21852849
0.238295265
0.206395057
0.2067497
0.202727337
0.1733425
0.214546675
0.187080548
0.200734989
0.191969884
-0.106196079
-0.039126137
-0.101554205
-0.08770344
0.148139352
0.067618565
-0.015969969
0.182829732
0.192189593
0.184551935
0.181963266
0.160804595
0.175416685
0.19773638
0.193890232
0.182901228
0.19180231
0.188468969
0.000519405
-0.099948147
-0.084008266
-0.011398005
-0.098496503
-0.117184691
-0.10036052
-0.104383295
-0.110310724
-0.002098189
-0.04878318
-0.084682234
-0.020386468
-0.034555924
-0.083949714
-0.107962034
-0.097717858
-0.110470078
-0.04114164
-0.073271863
0.136257318
0.078534883
-0.003427457
-0.033505239
-0.123529295
-0.014333983
0.056349688
0.041051812
-0.016601006
0.000359955
-0.081991742
-0.130274533
-0.023129178
-0.051588454
0.020739174
0.014293617
-0.023873707
-0.092866594
-0.085333426
-0.00063658
-0.049887961
-0.132388275
0.110747971
0.058788252
-0.014367423
-0.127883478
-0.032196389
-0.124934044
0.104848163
0.077838424
0.009210075
-0.110225489
-0.364832372
-0.31131302
-0.513493255
-0.339669459
-0.333437634
-0.354546843
-0.458970042
-0.476955724
-0.525686986
-0.156186654
-0.285622114
-0.356955285
-0.136754865
-0.527618666
-0.435815304
-0.428966134
-0.216079275
-0.480321843
-0.399555266
-0.47454075
-0.51351476
-0.407109956
-0.424609262
-0.377421477
-0.315384788
-0.453558754
-0.538633653
-0.470828314
-0.533053464
-0.527785552
-0.038120537
-0.053825743
-0.121986605
-0.038120513
-0.038120546
-0.038120524
-0.038120525
-0.398361923
-0.386286596
-0.527118313
-0.471989164
-0.450666052
-0.439356383
-0.231127569
-0.270214306
-0.327198343
-0.207778611
-0.231127582
-0.184791258
-0.215578807
-0.23112757
-0.231127564
-0.492688956
-0.50185802
-0.444595376
-0.420103608
-0.503354823
-0.288352631
-0.286430664
-0.322076849
-0.288352666
-0.288352638
-0.353326552
-0.469587972
-0.332343331
-0.438360572
-0.361424192
-0.187152728
-0.211032211
-0.240205183
-0.187152728
-0.09039926
-0.419744169
-0.52062075
-0.154722632
-0.218498282
-0.294817512
-0.111058442
-0.108715945
-0.118882378
-0.113447798
-0.517155032
-0.11843432
-0.16140659
-0.236249908
-0.245829376
-0.271361881
-0.118434304
-0.065527384
-0.495858056
-0.471002091
-0.379048849
-0.457440996
-0.302483735
-0.135361876
-0.18658269
-0.490418181
-0.294410947
-0.356964201
-0.211475944
-0.495445454
-0.444443899
-0.229224677
-0.265417921
-0.155562706
-0.248678128
-0.318716819
-0.330003268
-0.532471539
-0.456740761
-0.437566391
-0.414572593
-0.304486878
-0.320339255
-0.357336657
-0.304486908
-0.304486899
-0.279050141
-0.462433073
-0.333800309
-0.226738194
-0.430163624
-0.233581618
-0.446430519
-0.399302798
-0.462160467
-0.195251353
-0.216504963
-0.258084649
-0.163198469
-0.115283692
-0.154379002
-0.418043226
-0.382642175
-0.436259533
-0.488609711
-0.486230401
-0.412375842
-0.507056988
-0.147514338
-0.192562519
-0.271868308
-0.35294039
-0.18400063
-0.355628273
-0.431213416
-0.545485331
-0.319736237
-0.359865851
-0.433870592
-0.430918948
-0.470940534
-0.201147302
-0.519578572
-0.516129053
-0.129537507
-0.145939173
-0.210653432
-0.068668119
-0.11827163
-0.175388605
0
