1080 1
0.28326
0.00676
-1.5736e-05
0.055078
0
1107.4
0.56103
0.013319
-3.2513e-05
0.10615
0
2185.8
0.52985
0.011108
-3.3833e-05
0.08974
0
1862.9
0.31314
-0.013028
-1.9697e-05
0.10913
0
65.192
1.3098
0.051607
-9.8808e-08
0.024659
0
-3903.2
0.084116
0.013717
0
0.0066285
0
3.3384
0.9667
0.085617
-9.3251e-05
0.46677
0
-43349
1.9102
0.16826
-0.00019374
0.90903
0
-86826
1.8205
0.15595
-0.00020315
0.79596
0
-87992
1.5556
0.077434
-9.2718e-05
0.76958
0
-92826
6.2001
0.4356
-5.4515e-07
0.2087
0
-33345
-9.8668e-06
0.10746
0
0.05193
0
-465.08
4.4206
0.4921
-0.00069877
7.0455
0
-51286
8.8142
0.98054
-0.0013769
14.039
0
-1.0264e+05
8.6315
0.95651
-0.0012937
13.671
0
-1.0348e+05
7.9263
1.1456
-0.0021719
14.07
0
-1.1386e+05
8.211
0.73891
-1.4872e-07
0.35624
0
-26216
-3.1264e-05
0.34397
0
0.16622
0
378.28
4.4206
0.4921
-0.00069877
7.0455
0
-51286
8.8142
0.98054
-0.0013769
14.039
0
-1.0264e+05
8.6315
0.95651
-0.0012937
13.671
0
-1.0348e+05
7.9263
1.1456
-0.0021719
14.07
0
-1.1386e+05
8.211
0.73891
-1.4872e-07
0.35624
0
-26216
-3.126e-05
0.34397
0
0.16622
0
378.28
0.9667
0.085617
-9.3251e-05
0.46677
0
-43349
1.9102
0.16826
-0.00019374
0.90903
0
-86826
1.8205
0.15595
-0.00020315
0.79596
0
-87992
1.5556
0.077434
-9.2718e-05
0.76958
0
-92826
6.2001
0.4356
-5.4515e-07
0.2087
0
-33345
-9.8674e-06
0.10746
0
0.05193
0
-465.08
0.28326
0.00676
-1.5736e-05
0.055078
0
1107.4
0.56103
0.013319
-3.2513e-05
0.10615
0
2185.8
0.52985
0.011108
-3.3833e-05
0.08974
0
1862.9
0.31314
-0.013028
-1.9697e-05
0.10913
0
65.192
1.3098
0.051607
-9.8808e-08
0.024659
0
-3903.2
0.084116
0.013717
0
0.0066285
0
3.3384
-19.707
-0.28996
-0.00148
-1.4085
0
-78851
-39.614
-0.58156
-0.002963
-2.8206
0
-1.5876e+05
-45.319
-0.59281
-0.0027165
-3.1408
0
-1.7774e+05
-27.484
-0.48633
-0.0023598
-3.6018
0
-1.2068e+05
2.0483
0.026611
-5.6879e-07
0.011164
0
64.262
0.30968
0.0070986
0
0.0034301
0
115.76
-77.23
0.8965
-0.013564
10.245
0
-2.6817e+05
-155.08
1.8465
-0.02727
20.936
0
-5.3943e+05
-140.94
1.8696
-0.022335
6.6696
0
-5.1758e+05
-378.15
-9.7483
-0.018504
-0.085903
0
-1.5082e+06
7.4645
0.42289
-2.8261e-06
0.18648
0
-57080
1.1081
0.077366
0
0.037386
0
-337.28
-27.499
-1.9335
-0.002085
-9.7589
0
-1.7182e+05
-56.302
-3.9459
-0.0041481
-19.865
0
-3.4713e+05
-58.605
-4.0872
-0.0044057
-18.048
0
-3.5623e+05
-4.1236
-0.67241
-0.0042295
-1.8465
0
-2.2529e+05
15.45
1.1088
-3.0357e-06
0.52483
0
-41782
-3.6406e-05
0.37152
0
0.17953
0
1653.5
-27.499
-1.9335
-0.002085
-9.7589
0
-1.7182e+05
-56.302
-3.9459
-0.0041481
-19.865
0
-3.4713e+05
-58.605
-4.0872
-0.0044057
-18.048
0
-3.5623e+05
-4.1236
-0.67241
-0.0042295
-1.8465
0
-2.2529e+05
15.45
1.1088
-3.0357e-06
0.52483
0
-41782
-3.6404e-05
0.37152
0
0.17953
0
1653.5
-77.23
0.8965
-0.013564
10.245
0
-2.6817e+05
-155.08
1.8465
-0.02727
20.936
0
-5.3943e+05
-140.94
1.8696
-0.022335
6.6696
0
-5.1758e+05
-378.15
-9.7483
-0.018504
-0.085903
0
-1.5082e+06
7.4645
0.42289
-2.8261e-06
0.18648
0
-57080
1.1081
0.077366
0
0.037386
0
-337.28
-19.707
-0.28996
-0.00148
-1.4085
0
-78851
-39.614
-0.58156
-0.002963
-2.8206
0
-1.5876e+05
-45.319
-0.59281
-0.0027165
-3.1408
0
-1.7774e+05
-27.484
-0.48633
-0.0023598
-3.6018
0
-1.2068e+05
2.0483
0.026611
-5.6879e-07
0.011164
0
64.262
0.30968
0.0070986
0
0.0034301
0
115.76
-87.114
0.87357
-0.0092328
1.6353
0
-1.3104e+06
-174.27
1.7537
-0.018517
3.2107
0
-2.621e+06
-184.2
1.6599
-0.019005
3.3363
0
-2.6089e+06
-157.17
0.7346
-0.014752
3.2242
0
-2.1505e+06
2.9701
-0.03239
-4.8957e-07
-0.018799
0
28283
0.48634
0.0027229
0
0.0013129
0
395.47
-133.43
-4.903
-0.01431
-19.193
0
-1.8262e+06
-265.59
-9.7391
-0.028527
-38.66
0
-3.6561e+06
-254.64
-8.3983
-0.054344
25.186
0
-3.5642e+06
-378.41
-1.422
-0.043958
-5.8472
0
-3.2208e+06
10.826
0.2308
-4.9955e-06
0.043583
0
1046.1
2.0729
0.056352
0
0.02723
0
-1106.2
-694.07
-20.524
-0.050683
10.155
0
-2.1515e+06
-1389.1
-40.911
-0.10166
20.34
0
-4.3115e+06
-1441.5
-46.975
-0.079942
-22.422
0
-4.4693e+06
-1258.3
-74.551
-0.11931
47.463
0
-3.8944e+06
19.288
1.3645
-1.1137e-05
0.61526
0
-85594
2.0565
0.34292
0
0.16571
0
1059.9
-694.07
-20.524
-0.050683
10.155
0
-2.1515e+06
-1389.1
-40.911
-0.10166
20.34
0
-4.3115e+06
-1441.5
-46.975
-0.079942
-22.422
0
-4.4693e+06
-1258.3
-74.551
-0.11931
47.463
0
-3.8944e+06
19.288
1.3645
-1.1137e-05
0.61526
0
-85594
2.0565
0.34292
0
0.16571
0
1059.9
-133.43
-4.903
-0.01431
-19.193
0
-1.8262e+06
-265.59
-9.7391
-0.028527
-38.66
0
-3.6561e+06
-254.64
-8.3983
-0.054344
25.186
0
-3.5642e+06
-378.41
-1.422
-0.043958
-5.8472
0
-3.2208e+06
10.826
0.2308
-4.9955e-06
0.043583
0
1046.1
2.0729
0.056352
0
0.02723
0
-1106.2
-87.114
0.87357
-0.0092328
1.6353
0
-1.3104e+06
-174.27
1.7537
-0.018517
3.2107
0
-2.621e+06
-184.2
1.6599
-0.019005
3.3363
0
-2.6089e+06
-157.17
0.7346
-0.014752
3.2242
0
-2.1505e+06
2.9701
-0.03239
-4.8958e-07
-0.018799
0
28283
0.48634
0.0027229
0
0.0013129
0
395.47
-43.936
4.6858
-0.0088858
3.8235
0
-7.3852e+06
-88.238
9.3159
-0.017764
7.6734
0
-1.4766e+07
-93.402
8.8544
-0.017126
7.9498
0
-1.4676e+07
-95.981
10.614
-0.015754
6.1441
0
-1.3936e+07
2.1794
-0.10439
3.3792e-06
-0.049909
0
78640
0.56311
0.00061303
0
0.00028195
0
2899
-573.73
-7.5133
-0.079969
20.675
0
-7.6e+06
-1151.9
-15.152
-0.16066
41.15
0
-1.5253e+07
-1248.5
-16.791
-0.16279
39.22
0
-1.6143e+07
-939.82
-9.1335
-0.096038
15.783
0
-1.1194e+07
12.49
-0.46185
7.5763e-06
-0.29802
0
2.6971e+05
2.7293
0.040138
0
0.019386
0
6129.2
-774.54
-11.518
-0.05795
-19.52
0
-4.1711e+06
-1548.7
-22.927
-0.11602
-38.944
0
-8.3455e+06
-1542.5
-22.224
-0.11719
-37.76
0
-8.395e+06
-1456.1
-28.294
-0.10131
-24.523
0
-8.1509e+06
18.862
1.2861
-1.1963e-05
0.55607
0
-1.0369e+05
3.9281
0.31075
0
0.15017
0
1131.4
-774.54
-11.518
-0.05795
-19.52
0
-4.1711e+06
-1548.7
-22.927
-0.11602
-38.944
0
-8.3455e+06
-1542.5
-22.224
-0.11719
-37.76
0
-8.395e+06
-1456.1
-28.294
-0.10131
-24.523
0
-8.1509e+06
18.862
1.2861
-1.1963e-05
0.55607
0
-1.0369e+05
3.9281
0.31075
0
0.15017
0
1131.4
-573.73
-7.5133
-0.079969
20.675
0
-7.6e+06
-1151.9
-15.152
-0.16066
41.15
0
-1.5253e+07
-1248.5
-16.791
-0.16279
39.22
0
-1.6143e+07
-939.82
-9.1335
-0.096038
15.783
0
-1.1194e+07
12.49
-0.46185
7.5763e-06
-0.29802
0
2.6971e+05
2.7293
0.040138
0
0.019386
0
6129.2
-43.936
4.6858
-0.0088858
3.8235
0
-7.3852e+06
-88.238
9.3159
-0.017764
7.6734
0
-1.4766e+07
-93.402
8.8544
-0.017126
7.9498
0
-1.4676e+07
-95.981
10.614
-0.015754
6.1441
0
-1.3936e+07
2.1794
-0.10439
3.3792e-06
-0.049909
0
78640
0.56311
0.00061303
0
0.00028195
0
2899
-103.62
5.2921
-0.0023219
0.043264
0
-2.8209e+06
-208.38
10.56
-0.0046484
0.085363
0
-5.658e+06
-221.06
10.389
-0.0046515
0.077142
0
-5.8472e+06
-58.993
13.523
-0.0040643
0.36015
0
-3.8514e+06
0.90157
-0.1331
4.6687e-06
-0.05672
0
1.3277e+05
0.52855
0.0015737
0
0.00077114
0
6503.3
-392.59
32.014
-0.0090054
12.456
0
-3.2722e+07
-786.89
63.978
-0.01803
24.93
0
-6.5464e+07
-697.44
64.722
-0.016744
25.294
0
-6.4287e+07
-740.17
60.897
-0.012326
19.99
0
-5.9389e+07
8.3395
-0.8068
1.4404e-05
-0.40839
0
5.9167e+05
3.0197
0.030168
0
0.014545
0
20003
-715.22
-10.479
-0.028536
-5.0935
0
-5.6126e+06
-1429.8
-20.905
-0.05707
-10.178
0
-1.1232e+07
-1460.4
-20.98
-0.057211
-10.212
0
-1.1599e+07
-1368.9
-23.544
-0.045795
-9.8804
0
-1.0315e+07
18.929
1.0142
-8.6509e-06
0.44117
0
-85178
5.0691
0.28835
0
0.13934
0
-1883
-715.22
-10.479
-0.028536
-5.0935
0
-5.6126e+06
-1429.8
-20.905
-0.05707
-10.178
0
-1.1232e+07
-1460.4
-20.98
-0.057211
-10.212
0
-1.1599e+07
-1368.9
-23.544
-0.045795
-9.8804
0
-1.0315e+07
18.929
1.0142
-8.6509e-06
0.44117
0
-85178
5.0691
0.28835
0
0.13934
0
-1883
-392.59
32.014
-0.0090054
12.456
0
-3.2722e+07
-786.89
63.978
-0.01803
24.93
0
-6.5464e+07
-697.44
64.722
-0.016744
25.294
0
-6.4287e+07
-740.17
60.897
-0.012326
19.99
0
-5.9389e+07
8.3395
-0.8068
1.4404e-05
-0.40839
0
5.9167e+05
3.0197
0.030168
0
0.014545
0
20003
-103.62
5.2921
-0.0023219
0.043264
0
-2.8209e+06
-208.38
10.56
-0.0046484
0.085363
0
-5.658e+06
-221.06
10.389
-0.0046515
0.077142
0
-5.8472e+06
-58.993
13.523
-0.0040643
0.36015
0
-3.8514e+06
0.90157
-0.1331
4.6687e-06
-0.05672
0
1.3277e+05
0.52855
0.0015737
0
0.00077114
0
6503.3